# ------------------------------------------------------------------------
# NASA-GSFC Planetary Spectrum Generator (PSG, Villanueva et al. 2018, 2022)
# Atmospheric transmittance spectrum synthesized with PUMAS
# Synthesized on Thu Apr 10 16:34:26 2025
# Radiative transfer took 0.916 seconds
# Spectral unit: Wavelength [um]
# ------------------------------------------------------------------------
# Wave/freq Total CO2 N2 CO O2 SO2 H2O O3  Rayleigh CIA
5.000000000e-01 5.11717e-07 9.99999e-01 9.99999e-01 9.99999e-01 9.99999e-01 9.99999e-01 9.99779e-01 9.99999e-01 5.11830e-07 9.99998e-01
5.025000000e-01 6.79986e-07 9.98883e-01 9.99999e-01 9.99999e-01 9.99999e-01 9.99999e-01 9.98728e-01 9.99999e-01 6.81616e-07 9.99988e-01
5.050125000e-01 9.00980e-07 9.99994e-01 9.99999e-01 9.99999e-01 9.99999e-01 9.99999e-01 9.98588e-01 9.99999e-01 9.02282e-07 9.99971e-01
5.075375625e-01 1.18608e-06 9.99999e-01 9.99999e-01 9.99999e-01 9.99999e-01 9.99999e-01 9.98580e-01 9.99999e-01 1.18779e-06 9.99978e-01
5.100752503e-01 1.55349e-06 9.99999e-01 9.99999e-01 9.99999e-01 9.99999e-01 9.99999e-01 9.98925e-01 9.99999e-01 1.55517e-06 9.99993e-01
5.126256266e-01 2.02392e-06 9.99999e-01 9.99999e-01 9.99999e-01 9.99999e-01 9.99999e-01 9.99283e-01 9.99999e-01 2.02537e-06 9.99998e-01
5.151887547e-01 2.62311e-06 9.99950e-01 9.99999e-01 9.99999e-01 9.99999e-01 9.99999e-01 9.99707e-01 9.99999e-01 2.62401e-06 9.99999e-01
5.177646985e-01 3.37773e-06 9.98787e-01 9.99999e-01 9.99999e-01 9.99999e-01 9.99999e-01 9.99875e-01 9.99999e-01 3.38224e-06 9.99999e-01
5.203535220e-01 4.33758e-06 9.99999e-01 9.99999e-01 9.99999e-01 9.99999e-01 9.99999e-01 9.99956e-01 9.99999e-01 4.33777e-06 9.99999e-01
5.229552896e-01 5.53104e-06 9.99222e-01 9.99999e-01 9.99999e-01 9.99999e-01 9.99999e-01 9.99886e-01 9.99999e-01 5.53597e-06 9.99999e-01
5.255700660e-01 7.03051e-06 9.99997e-01 9.99999e-01 9.99999e-01 9.99999e-01 9.99999e-01 9.99905e-01 9.99999e-01 7.03119e-06 9.99998e-01
5.281979164e-01 8.88727e-06 9.99999e-01 9.99999e-01 9.99999e-01 9.99999e-01 9.99999e-01 9.99898e-01 9.99999e-01 8.88818e-06 9.99998e-01
5.308389059e-01 1.11824e-05 9.99999e-01 9.99999e-01 9.99999e-01 9.99999e-01 9.99999e-01 9.99884e-01 9.99999e-01 1.11837e-05 9.99999e-01
5.334931005e-01 1.39967e-05 9.99249e-01 9.99999e-01 9.99999e-01 9.99999e-01 9.99999e-01 9.99916e-01 9.99999e-01 1.40084e-05 9.99999e-01
5.361605660e-01 1.74665e-05 9.99996e-01 9.99999e-01 9.99999e-01 9.99999e-01 9.99999e-01 9.99876e-01 9.99999e-01 1.74687e-05 9.99999e-01
5.388413688e-01 2.16819e-05 9.99999e-01 9.99999e-01 9.99999e-01 9.99999e-01 9.99999e-01 9.99679e-01 9.99999e-01 2.16889e-05 9.99997e-01
5.415355756e-01 2.67804e-05 9.99670e-01 9.99999e-01 9.99999e-01 9.99999e-01 9.99999e-01 9.99097e-01 9.99999e-01 2.68138e-05 9.99987e-01
5.442432535e-01 3.29644e-05 9.99318e-01 9.99999e-01 9.99999e-01 9.99999e-01 9.99999e-01 9.99278e-01 9.99999e-01 3.30110e-05 9.99986e-01
5.469644698e-01 4.04309e-05 9.99749e-01 9.99999e-01 9.99999e-01 9.99999e-01 9.99999e-01 9.99192e-01 9.99999e-01 4.04740e-05 9.99989e-01
5.496992921e-01 4.93427e-05 9.98902e-01 9.99999e-01 9.99999e-01 9.99999e-01 9.99999e-01 9.99436e-01 9.99999e-01 4.94249e-05 9.99996e-01
5.524477886e-01 6.00451e-05 9.99105e-01 9.99999e-01 9.99999e-01 9.99999e-01 9.99999e-01 9.99688e-01 9.99999e-01 6.01175e-05 9.99998e-01
5.552100275e-01 7.28272e-05 9.99999e-01 9.99999e-01 9.99999e-01 9.99999e-01 9.99999e-01 9.99810e-01 9.99999e-01 7.28410e-05 9.99999e-01
5.579860777e-01 8.78023e-05 9.98704e-01 9.99999e-01 9.99999e-01 9.99999e-01 9.99999e-01 9.99917e-01 9.99999e-01 8.79234e-05 9.99999e-01
5.607760081e-01 1.05727e-04 9.99999e-01 9.99999e-01 9.99999e-01 9.99999e-01 9.99999e-01 9.99922e-01 9.99999e-01 1.05735e-04 9.99999e-01
5.635798881e-01 1.26664e-04 9.99858e-01 9.99999e-01 9.99999e-01 9.99999e-01 9.99999e-01 9.99917e-01 9.99999e-01 1.26692e-04 9.99999e-01
5.663977875e-01 1.51093e-04 9.99225e-01 9.99999e-01 9.99999e-01 9.99999e-01 9.99999e-01 9.99660e-01 9.99999e-01 1.51262e-04 9.99996e-01
5.692297765e-01 1.79604e-04 9.99998e-01 9.99999e-01 9.99999e-01 9.99999e-01 9.99999e-01 9.98012e-01 9.99999e-01 1.79966e-04 9.99974e-01
5.720759254e-01 2.13167e-04 9.99999e-01 9.99999e-01 9.99999e-01 9.99999e-01 9.99999e-01 9.99012e-01 9.99999e-01 2.13383e-04 9.99975e-01
5.749363050e-01 2.51863e-04 9.99999e-01 9.99999e-01 9.99999e-01 9.99999e-01 9.99999e-01 9.98858e-01 9.99999e-01 2.52155e-04 9.99982e-01
5.778109865e-01 2.96595e-04 9.99817e-01 9.99999e-01 9.99999e-01 9.99999e-01 9.99999e-01 9.98853e-01 9.99999e-01 2.96991e-04 9.99993e-01
5.807000414e-01 3.48002e-04 9.99060e-01 9.99999e-01 9.99999e-01 9.99999e-01 9.99999e-01 9.99020e-01 9.99999e-01 3.48671e-04 9.99997e-01
5.836035417e-01 4.07312e-04 9.99141e-01 9.99999e-01 9.99999e-01 9.99999e-01 9.99999e-01 9.99055e-01 9.99999e-01 4.08048e-04 9.99996e-01
5.865215594e-01 4.74048e-04 9.99609e-01 9.99999e-01 9.99999e-01 9.99999e-01 9.99999e-01 9.96197e-01 9.99999e-01 4.76056e-04 9.99970e-01
5.894541672e-01 5.46014e-04 9.98522e-01 9.99999e-01 9.99999e-01 9.99999e-01 9.99999e-01 9.87688e-01 9.99999e-01 5.53710e-04 9.99845e-01
5.924014380e-01 6.36951e-04 9.99999e-01 9.99999e-01 9.99999e-01 9.99999e-01 9.99999e-01 9.92137e-01 9.99999e-01 6.42112e-04 9.99822e-01
5.953634452e-01 7.35541e-04 9.99917e-01 9.99999e-01 9.99999e-01 9.99999e-01 9.99999e-01 9.90903e-01 9.99999e-01 7.42452e-04 9.99867e-01
5.983402624e-01 8.49273e-04 9.99772e-01 9.99999e-01 9.99999e-01 9.99999e-01 9.99999e-01 9.92400e-01 9.99999e-01 8.56013e-04 9.99948e-01
6.013319637e-01 9.79057e-04 9.99513e-01 9.99999e-01 9.99999e-01 9.99999e-01 9.99999e-01 9.95287e-01 9.99999e-01 9.84173e-04 9.99991e-01
6.043386235e-01 1.12450e-03 9.98793e-01 9.99999e-01 9.99999e-01 9.99999e-01 9.99999e-01 9.97734e-01 9.99999e-01 1.12841e-03 9.99998e-01
6.073603167e-01 1.28548e-03 9.97246e-01 9.99999e-01 9.99999e-01 9.99999e-01 9.99999e-01 9.99018e-01 9.99999e-01 1.29029e-03 9.99999e-01
6.103971182e-01 1.46849e-03 9.98377e-01 9.99999e-01 9.99999e-01 9.99999e-01 9.99999e-01 9.99578e-01 9.99999e-01 1.47149e-03 9.99999e-01
6.134491038e-01 1.67292e-03 9.99652e-01 9.99999e-01 9.99999e-01 9.99999e-01 9.99999e-01 9.99827e-01 9.99999e-01 1.67379e-03 9.99999e-01
6.165163494e-01 1.89552e-03 9.98190e-01 9.99999e-01 9.99999e-01 9.99999e-01 9.99999e-01 9.99939e-01 9.99999e-01 1.89907e-03 9.99999e-01
6.195989311e-01 2.14895e-03 9.99886e-01 9.99999e-01 9.99999e-01 9.99999e-01 9.99999e-01 9.99953e-01 9.99999e-01 2.14930e-03 9.99999e-01
6.226969258e-01 2.42446e-03 9.99255e-01 9.99999e-01 9.99999e-01 9.99999e-01 9.99999e-01 9.99881e-01 9.99999e-01 2.42655e-03 9.99999e-01
6.258104104e-01 2.72996e-03 9.99908e-01 9.99999e-01 9.99999e-01 9.99999e-01 9.99999e-01 9.98975e-01 9.99999e-01 2.73302e-03 9.99992e-01
6.289394624e-01 3.05991e-03 9.97472e-01 9.99999e-01 9.99999e-01 9.99999e-01 9.99999e-01 9.98943e-01 9.99999e-01 3.07097e-03 9.99976e-01
6.320841597e-01 3.43415e-03 9.98640e-01 9.99999e-01 9.99999e-01 9.99999e-01 9.99999e-01 9.98869e-01 9.99999e-01 3.44277e-03 9.99979e-01
6.352445805e-01 3.84706e-03 9.99958e-01 9.99999e-01 9.99999e-01 9.99999e-01 9.99999e-01 9.99062e-01 9.99999e-01 3.85088e-03 9.99985e-01
6.384208035e-01 4.29228e-03 9.99999e-01 9.99999e-01 9.99999e-01 9.99999e-01 9.99999e-01 9.98709e-01 9.99999e-01 4.29785e-03 9.99993e-01
6.416129075e-01 4.77752e-03 9.99549e-01 9.99999e-01 9.99999e-01 9.99999e-01 9.99999e-01 9.98619e-01 9.99999e-01 4.78631e-03 9.99993e-01
6.448209720e-01 5.28697e-03 9.98369e-01 9.99999e-01 9.99999e-01 9.99999e-01 9.99999e-01 9.95609e-01 9.99999e-01 5.31895e-03 9.99972e-01
6.480450769e-01 5.84295e-03 9.99773e-01 9.99999e-01 9.99999e-01 9.99999e-01 9.99999e-01 9.90901e-01 9.99999e-01 5.89857e-03 9.99886e-01
6.512853022e-01 6.45861e-03 9.96027e-01 9.99999e-01 9.99999e-01 9.99999e-01 9.99999e-01 9.93412e-01 9.99999e-01 6.52800e-03 9.99885e-01
6.545417288e-01 7.10035e-03 9.90478e-01 9.99999e-01 9.99999e-01 9.99999e-01 9.99999e-01 9.94269e-01 9.99999e-01 7.21014e-03 9.99912e-01
6.578144374e-01 7.77108e-03 9.84043e-01 9.99999e-01 9.99999e-01 9.99999e-01 9.99999e-01 9.93609e-01 9.99999e-01 7.94794e-03 9.99958e-01
6.611035096e-01 8.63747e-03 9.91223e-01 9.99999e-01 9.99999e-01 9.99999e-01 9.99999e-01 9.96512e-01 9.99999e-01 8.74439e-03 9.99990e-01
6.644090271e-01 9.53699e-03 9.95376e-01 9.99999e-01 9.99999e-01 9.99999e-01 9.99999e-01 9.97787e-01 9.99999e-01 9.60253e-03 9.99995e-01
6.677310723e-01 1.05079e-02 9.99345e-01 9.99999e-01 9.99999e-01 9.99999e-01 9.99999e-01 9.98986e-01 9.99999e-01 1.05254e-02 9.99998e-01
6.710697276e-01 1.15015e-02 9.99212e-01 9.99999e-01 9.99999e-01 9.99999e-01 9.99999e-01 9.99517e-01 9.99999e-01 1.15161e-02 9.99999e-01
6.744250763e-01 1.25741e-02 9.99952e-01 9.99999e-01 9.99999e-01 9.99999e-01 9.99999e-01 9.99770e-01 9.99999e-01 1.25776e-02 9.99999e-01
6.777972017e-01 1.37102e-02 9.99999e-01 9.99999e-01 9.99999e-01 9.99999e-01 9.99999e-01 9.99784e-01 9.99999e-01 1.37131e-02 9.99999e-01
6.811861877e-01 1.49162e-02 9.99860e-01 9.99999e-01 9.99999e-01 9.99999e-01 9.99999e-01 9.99511e-01 9.99999e-01 1.49256e-02 9.99997e-01
6.845921186e-01 1.61846e-02 9.98482e-01 9.99999e-01 9.99999e-01 9.99999e-01 9.99999e-01 9.99451e-01 9.99999e-01 1.62182e-02 9.99994e-01
6.880150792e-01 1.75790e-02 9.99999e-01 9.99999e-01 9.99999e-01 9.99999e-01 9.99999e-01 9.99170e-01 9.99999e-01 1.75937e-02 9.99991e-01
6.914551546e-01 1.87900e-02 9.99999e-01 9.99999e-01 9.99999e-01 9.99999e-01 9.99999e-01 9.86143e-01 9.99999e-01 1.90553e-02 9.99931e-01
6.949124304e-01 2.01889e-02 9.99465e-01 9.99999e-01 9.99999e-01 9.99999e-01 9.99999e-01 9.80534e-01 9.99999e-01 2.06059e-02 9.99738e-01
6.983869925e-01 2.20031e-02 9.98418e-01 9.99999e-01 9.99999e-01 9.99999e-01 9.99999e-01 9.90731e-01 9.99999e-01 2.22481e-02 9.99759e-01
7.018789275e-01 2.35913e-02 9.99999e-01 9.99999e-01 9.99999e-01 9.99999e-01 9.99999e-01 9.83805e-01 9.99999e-01 2.39849e-02 9.99776e-01
7.053883221e-01 2.54631e-02 9.99935e-01 9.99999e-01 9.99999e-01 9.99999e-01 9.99999e-01 9.86403e-01 9.99999e-01 2.58190e-02 9.99874e-01
7.089152637e-01 2.71258e-02 9.90196e-01 9.99999e-01 9.99999e-01 9.99999e-01 9.99999e-01 9.87061e-01 9.99999e-01 2.77528e-02 9.99936e-01
7.124598400e-01 2.86091e-02 9.73610e-01 9.99999e-01 9.99999e-01 9.99999e-01 9.99999e-01 9.86418e-01 9.99999e-01 2.97890e-02 9.99936e-01
7.160221392e-01 2.70421e-02 9.35439e-01 9.99999e-01 9.99999e-01 9.99999e-01 9.99999e-01 9.01409e-01 9.99999e-01 3.19298e-02 9.99628e-01
7.196022499e-01 2.91560e-02 9.47607e-01 9.99999e-01 9.99999e-01 9.99999e-01 9.99999e-01 8.99815e-01 9.99999e-01 3.41777e-02 9.98543e-01
7.232002612e-01 3.30527e-02 9.75242e-01 9.99999e-01 9.99999e-01 9.99999e-01 9.99999e-01 9.28162e-01 9.99999e-01 3.65346e-02 9.98672e-01
7.268162625e-01 3.55530e-02 9.90010e-01 9.99999e-01 9.99999e-01 9.99999e-01 9.99999e-01 9.21520e-01 9.99999e-01 3.90027e-02 9.98815e-01
7.304503438e-01 3.78082e-02 9.95999e-01 9.99999e-01 9.99999e-01 9.99999e-01 9.99999e-01 9.13327e-01 9.99999e-01 4.15838e-02 9.99330e-01
7.341025955e-01 4.21352e-02 9.99514e-01 9.99999e-01 9.99999e-01 9.99999e-01 9.99999e-01 9.52226e-01 9.99999e-01 4.42796e-02 9.99784e-01
7.377731085e-01 4.53525e-02 9.99893e-01 9.99999e-01 9.99999e-01 9.99999e-01 9.99999e-01 9.63277e-01 9.99999e-01 4.70917e-02 9.99884e-01
7.414619740e-01 4.89477e-02 9.98528e-01 9.99999e-01 9.99999e-01 9.99999e-01 9.99999e-01 9.79966e-01 9.99999e-01 5.00216e-02 9.99967e-01
7.451692839e-01 5.25006e-02 9.99999e-01 9.99999e-01 9.99999e-01 9.99999e-01 9.99999e-01 9.89267e-01 9.99999e-01 5.30704e-02 9.99995e-01
7.488951303e-01 5.59290e-02 9.99999e-01 9.99999e-01 9.99999e-01 9.99999e-01 9.99999e-01 9.94483e-01 9.99999e-01 5.62392e-02 9.99998e-01
7.526396060e-01 5.93887e-02 9.99999e-01 9.99999e-01 9.99999e-01 9.99999e-01 9.99999e-01 9.97642e-01 9.99999e-01 5.95291e-02 9.99998e-01
7.564028040e-01 6.28628e-02 9.99862e-01 9.99999e-01 9.99999e-01 9.99999e-01 9.99999e-01 9.98899e-01 9.99999e-01 6.29407e-02 9.99999e-01
7.601848180e-01 6.63107e-02 9.97981e-01 9.99999e-01 9.99999e-01 9.99999e-01 9.99999e-01 9.99550e-01 9.99999e-01 6.64746e-02 9.99999e-01
7.639857421e-01 7.01155e-02 9.99999e-01 9.99999e-01 9.99999e-01 9.99999e-01 9.99999e-01 9.99776e-01 9.99999e-01 7.01311e-02 9.99999e-01
7.678056708e-01 7.38991e-02 9.99999e-01 9.99999e-01 9.99999e-01 9.99999e-01 9.99999e-01 9.99842e-01 9.99999e-01 7.39107e-02 9.99999e-01
7.716446992e-01 7.77840e-02 9.99756e-01 9.99999e-01 9.99999e-01 9.99999e-01 9.99999e-01 9.99867e-01 9.99999e-01 7.78131e-02 9.99999e-01
7.755029227e-01 8.16382e-02 9.97731e-01 9.99999e-01 9.99999e-01 9.99999e-01 9.99999e-01 9.99820e-01 9.99999e-01 8.18384e-02 9.99999e-01
7.793804373e-01 8.49554e-02 9.88808e-01 9.99999e-01 9.99999e-01 9.99999e-01 9.99999e-01 9.99175e-01 9.99999e-01 8.59863e-02 9.99998e-01
7.832773395e-01 5.36285e-02 5.95898e-01 9.99999e-01 9.99999e-01 9.99999e-01 9.99999e-01 9.96315e-01 9.99999e-01 9.02561e-02 9.99994e-01
7.871937262e-01 6.35430e-02 6.77820e-01 9.99999e-01 9.99999e-01 9.99999e-01 9.99999e-01 9.89802e-01 9.99999e-01 9.46474e-02 9.99960e-01
7.911296948e-01 7.83346e-02 7.95499e-01 9.99999e-01 9.99999e-01 9.99999e-01 9.99999e-01 9.92561e-01 9.99999e-01 9.91592e-02 9.99876e-01
7.950853433e-01 8.92135e-02 8.65210e-01 9.99999e-01 9.99999e-01 9.99999e-01 9.99999e-01 9.93201e-01 9.99999e-01 1.03791e-01 9.99875e-01
7.990607700e-01 1.01801e-01 9.49942e-01 9.99999e-01 9.99999e-01 9.99999e-01 9.99999e-01 9.87323e-01 9.99999e-01 1.08540e-01 9.99871e-01
8.030560739e-01 1.11161e-01 9.92740e-01 9.99999e-01 9.99999e-01 9.99999e-01 9.99999e-01 9.87459e-01 9.99999e-01 1.13407e-01 9.99877e-01
8.070713542e-01 1.16057e-01 9.97482e-01 9.99999e-01 9.99999e-01 9.99999e-01 9.99999e-01 9.82844e-01 9.99999e-01 1.18390e-01 9.99914e-01
8.111067110e-01 1.14160e-01 9.98602e-01 9.99999e-01 9.99999e-01 9.99999e-01 9.99999e-01 9.25932e-01 9.99999e-01 1.23486e-01 9.99775e-01
8.151622446e-01 1.10076e-01 9.97929e-01 9.99999e-01 9.99999e-01 9.99999e-01 9.99999e-01 8.57585e-01 9.99999e-01 1.28695e-01 9.98943e-01
8.192380558e-01 1.23788e-01 9.97308e-01 9.99999e-01 9.99999e-01 9.99999e-01 9.99999e-01 9.27660e-01 9.99999e-01 1.34014e-01 9.98231e-01
8.233342461e-01 1.21066e-01 9.98102e-01 9.99999e-01 9.99999e-01 9.99999e-01 9.99999e-01 8.71053e-01 9.99999e-01 1.39441e-01 9.98517e-01
8.274509173e-01 1.34972e-01 9.97341e-01 9.99999e-01 9.99999e-01 9.99999e-01 9.99999e-01 9.34416e-01 9.99999e-01 1.44974e-01 9.98832e-01
8.315881719e-01 1.36799e-01 9.90991e-01 9.99999e-01 9.99999e-01 9.99999e-01 9.99999e-01 9.16950e-01 9.99999e-01 1.50611e-01 9.99340e-01
8.357461127e-01 1.45453e-01 9.98677e-01 9.99999e-01 9.99999e-01 9.99999e-01 9.99999e-01 9.31627e-01 9.99999e-01 1.56350e-01 9.99839e-01
8.399248433e-01 1.54853e-01 9.97267e-01 9.99999e-01 9.99999e-01 9.99999e-01 9.99999e-01 9.57422e-01 9.99999e-01 1.62187e-01 9.99935e-01
8.441244675e-01 1.63496e-01 9.94197e-01 9.99999e-01 9.99999e-01 9.99999e-01 9.99999e-01 9.77881e-01 9.99999e-01 1.68120e-01 9.99955e-01
8.483450899e-01 1.72074e-01 9.99997e-01 9.99999e-01 9.99999e-01 9.99999e-01 9.99999e-01 9.88126e-01 9.99999e-01 1.74147e-01 9.99971e-01
8.525868153e-01 1.78997e-01 9.99503e-01 9.99999e-01 9.99999e-01 9.99999e-01 9.99999e-01 9.93484e-01 9.99999e-01 1.80264e-01 9.99976e-01
8.568497494e-01 1.85386e-01 9.98341e-01 9.99999e-01 9.99999e-01 9.99999e-01 9.99999e-01 9.95832e-01 9.99999e-01 1.86469e-01 9.99991e-01
8.611339981e-01 1.92245e-01 9.99969e-01 9.99999e-01 9.99999e-01 9.99999e-01 9.99999e-01 9.97365e-01 9.99999e-01 1.92759e-01 9.99998e-01
8.654396681e-01 1.97781e-01 9.94714e-01 9.99999e-01 9.99999e-01 9.99999e-01 9.99999e-01 9.98495e-01 9.99999e-01 1.99130e-01 9.99999e-01
8.697668665e-01 6.22338e-02 3.03032e-01 9.99999e-01 9.99999e-01 9.99999e-01 9.99999e-01 9.98661e-01 9.99999e-01 2.05580e-01 9.99998e-01
8.741157008e-01 5.51885e-02 2.60590e-01 9.99999e-01 9.99999e-01 9.99999e-01 9.99999e-01 9.98177e-01 9.99999e-01 2.12105e-01 9.99997e-01
8.784862793e-01 1.00096e-01 4.58793e-01 9.99999e-01 9.99999e-01 9.99999e-01 9.99999e-01 9.97228e-01 9.99999e-01 2.18702e-01 9.99994e-01
8.828787107e-01 1.80572e-01 8.03842e-01 9.99999e-01 9.99999e-01 9.99999e-01 9.99999e-01 9.96538e-01 9.99999e-01 2.25368e-01 9.99985e-01
8.872931042e-01 2.27986e-01 9.88902e-01 9.99999e-01 9.99999e-01 9.99999e-01 9.99999e-01 9.93282e-01 9.99999e-01 2.32100e-01 9.99960e-01
8.917295698e-01 2.21275e-01 9.83507e-01 9.99999e-01 9.99999e-01 9.99999e-01 9.99999e-01 9.39848e-01 9.99999e-01 2.38893e-01 9.99829e-01
8.961882176e-01 1.91521e-01 9.84610e-01 9.99999e-01 9.99999e-01 9.99999e-01 9.99999e-01 7.91720e-01 9.99999e-01 2.45746e-01 9.98933e-01
9.006691587e-01 2.08527e-01 9.88968e-01 9.99999e-01 9.99999e-01 9.99999e-01 9.99999e-01 8.36246e-01 9.99999e-01 2.52654e-01 9.97288e-01
9.051725045e-01 2.39845e-01 9.89871e-01 9.99999e-01 9.99999e-01 9.99999e-01 9.99999e-01 9.33771e-01 9.99999e-01 2.59613e-01 9.97552e-01
9.096983670e-01 2.13162e-01 9.34915e-01 9.99999e-01 9.99999e-01 9.99999e-01 9.99999e-01 8.54217e-01 9.99999e-01 2.66622e-01 9.97447e-01
9.142468589e-01 2.22195e-01 9.80208e-01 9.99999e-01 9.99999e-01 9.99999e-01 9.99999e-01 8.29005e-01 9.99999e-01 2.73675e-01 9.97650e-01
9.188180931e-01 2.22085e-01 9.37531e-01 9.99999e-01 9.99999e-01 9.99999e-01 9.99999e-01 8.33724e-01 9.99999e-01 2.80771e-01 9.98541e-01
9.234121836e-01 1.66167e-01 6.67027e-01 9.99999e-01 9.99999e-01 9.99999e-01 9.99999e-01 8.55812e-01 9.99999e-01 2.87904e-01 9.98924e-01
9.280292445e-01 1.18993e-01 8.23740e-01 9.99999e-01 9.99999e-01 9.99999e-01 9.99999e-01 4.71687e-01 9.99999e-01 2.95073e-01 9.96601e-01
9.326693908e-01 3.31119e-02 7.56887e-01 9.99999e-01 9.99999e-01 9.99999e-01 9.99999e-01 1.34078e-01 9.99999e-01 3.02273e-01 9.83339e-01
9.373327377e-01 8.09525e-02 7.97547e-01 9.99999e-01 9.99999e-01 9.99999e-01 9.99999e-01 3.20812e-01 9.99999e-01 3.09502e-01 9.72725e-01
9.420194014e-01 1.34830e-01 9.21325e-01 9.99999e-01 9.99999e-01 9.99999e-01 9.99999e-01 4.65053e-01 9.99999e-01 3.16755e-01 9.77311e-01
9.467294984e-01 8.92324e-02 9.74106e-01 9.99999e-01 9.99999e-01 9.99999e-01 9.99999e-01 2.85926e-01 9.99999e-01 3.24030e-01 9.80453e-01
9.514631459e-01 1.04280e-01 9.77872e-01 9.99999e-01 9.99999e-01 9.99999e-01 9.99999e-01 3.24702e-01 9.99999e-01 3.31324e-01 9.86097e-01
9.562204616e-01 1.11071e-01 9.91820e-01 9.99999e-01 9.99999e-01 9.99999e-01 9.99999e-01 3.32548e-01 9.99999e-01 3.38633e-01 9.92715e-01
9.610015639e-01 1.27430e-01 9.98570e-01 9.99999e-01 9.99998e-01 9.99999e-01 9.99999e-01 3.70223e-01 9.99999e-01 3.45954e-01 9.95760e-01
9.658065718e-01 1.93688e-01 9.96023e-01 9.99999e-01 9.99998e-01 9.99999e-01 9.99999e-01 5.51795e-01 9.99999e-01 3.53283e-01 9.97069e-01
9.706356046e-01 2.64540e-01 9.98392e-01 9.99999e-01 9.99999e-01 9.99999e-01 9.99999e-01 7.36131e-01 9.99999e-01 3.60619e-01 9.98005e-01
9.754887826e-01 2.71365e-01 9.97020e-01 9.99999e-01 9.99999e-01 9.99999e-01 9.99999e-01 7.40520e-01 9.99999e-01 3.67958e-01 9.98177e-01
9.803662265e-01 2.86116e-01 9.48225e-01 9.99999e-01 9.99999e-01 9.99999e-01 9.99999e-01 8.02800e-01 9.99999e-01 3.75297e-01 9.99133e-01
9.852680577e-01 3.19576e-01 9.78048e-01 9.99999e-01 9.99999e-01 9.99999e-01 9.99999e-01 8.53482e-01 9.99999e-01 3.82633e-01 9.99793e-01
9.901943980e-01 3.45674e-01 9.67150e-01 9.99999e-01 9.99999e-01 9.99999e-01 9.99999e-01 9.16052e-01 9.99999e-01 3.89963e-01 9.99953e-01
9.951453700e-01 3.68548e-01 9.76502e-01 9.99999e-01 9.99999e-01 9.99999e-01 9.99999e-01 9.49791e-01 9.99999e-01 3.97284e-01 9.99980e-01
1.000121097e+00 3.89903e-01 9.91147e-01 9.99999e-01 9.99999e-01 9.99999e-01 9.99999e-01 9.72272e-01 9.99999e-01 4.04595e-01 9.99977e-01
1.005121702e+00 4.02431e-01 9.93568e-01 9.99999e-01 9.99999e-01 9.99999e-01 9.99999e-01 9.83183e-01 9.99999e-01 4.11891e-01 9.99966e-01
1.010147311e+00 4.12821e-01 9.94435e-01 9.99999e-01 9.99999e-01 9.99999e-01 9.99999e-01 9.90371e-01 9.99999e-01 4.19171e-01 9.99959e-01
1.015198047e+00 4.15477e-01 9.79975e-01 9.99999e-01 9.99999e-01 9.99999e-01 9.99999e-01 9.94222e-01 9.99999e-01 4.26432e-01 9.99972e-01
1.020274038e+00 4.30016e-01 9.95627e-01 9.99999e-01 9.99999e-01 9.99999e-01 9.99999e-01 9.95944e-01 9.99999e-01 4.33672e-01 9.99974e-01
1.025375408e+00 4.36882e-01 9.94274e-01 9.99999e-01 9.99999e-01 9.99999e-01 9.99999e-01 9.96594e-01 9.99999e-01 4.40888e-01 9.99980e-01
1.030502285e+00 4.37476e-01 9.78951e-01 9.99999e-01 9.99999e-01 9.99999e-01 9.99999e-01 9.97302e-01 9.99999e-01 4.48078e-01 9.99993e-01
1.035654796e+00 1.53055e-01 3.36528e-01 9.99999e-01 9.99999e-01 9.99999e-01 9.99999e-01 9.98465e-01 9.99999e-01 4.55240e-01 9.99998e-01
1.040833070e+00 9.55978e-04 2.06946e-03 9.99999e-01 9.99999e-01 9.99999e-01 9.99999e-01 9.98561e-01 9.99999e-01 4.62371e-01 9.99999e-01
1.046037236e+00 1.75927e-02 3.75345e-02 9.99999e-01 9.99999e-01 9.99999e-01 9.99999e-01 9.97957e-01 9.99999e-01 4.69470e-01 9.99999e-01
1.051267422e+00 1.03512e-03 2.17587e-03 9.99999e-01 9.99999e-01 9.99999e-01 9.99999e-01 9.97034e-01 9.99999e-01 4.76535e-01 9.99998e-01
1.056523759e+00 6.41025e-06 1.32789e-05 9.99999e-01 9.99999e-01 9.99999e-01 9.99999e-01 9.95561e-01 9.99999e-01 4.83563e-01 9.99998e-01
1.061806378e+00 1.27885e-04 2.61621e-04 9.99999e-01 9.99999e-01 9.99999e-01 9.99999e-01 9.91103e-01 9.99999e-01 4.90553e-01 9.99996e-01
1.067115410e+00 6.47370e-03 1.31022e-02 9.99999e-01 9.99999e-01 9.99999e-01 9.99999e-01 9.86986e-01 9.99999e-01 4.97503e-01 9.99991e-01
1.072450987e+00 4.08801e-02 8.20676e-02 9.99999e-01 9.99999e-01 9.99999e-01 9.99999e-01 9.82580e-01 9.99999e-01 5.04411e-01 9.99982e-01
1.077813242e+00 6.13644e-02 1.22482e-01 9.99999e-01 9.99999e-01 9.99999e-01 9.99999e-01 9.72335e-01 9.99999e-01 5.11276e-01 9.99958e-01
1.083202308e+00 1.85442e-01 3.67655e-01 9.99999e-01 9.99999e-01 9.99999e-01 9.99999e-01 9.69265e-01 9.99999e-01 5.18096e-01 9.99885e-01
1.088618319e+00 3.38310e-01 6.70416e-01 9.99999e-01 9.99999e-01 9.99999e-01 9.99999e-01 9.59058e-01 9.99999e-01 5.24870e-01 9.99754e-01
1.094061411e+00 4.11007e-01 8.67460e-01 9.99999e-01 9.99999e-01 9.99999e-01 9.99999e-01 8.89376e-01 9.99999e-01 5.31595e-01 9.99539e-01
1.099531718e+00 3.97991e-01 9.49170e-01 9.99999e-01 9.99999e-01 9.99999e-01 9.99999e-01 7.76710e-01 9.99999e-01 5.38272e-01 9.99156e-01
1.105029377e+00 2.69010e-01 9.90335e-01 9.99999e-01 9.99999e-01 9.99999e-01 9.99999e-01 4.98433e-01 9.99999e-01 5.44898e-01 9.98545e-01
1.110554523e+00 9.14016e-02 6.22928e-01 9.99999e-01 9.99999e-01 9.99999e-01 9.99999e-01 2.03207e-01 9.99999e-01 5.51472e-01 9.97000e-01
1.116107296e+00 1.50151e-02 3.42190e-01 9.99999e-01 9.99999e-01 9.99999e-01 9.99999e-01 6.35396e-02 9.99999e-01 5.57993e-01 9.88909e-01
1.121687832e+00 2.51133e-02 6.19252e-01 9.99999e-01 9.99999e-01 9.99999e-01 9.99999e-01 5.89984e-02 9.99999e-01 5.64461e-01 9.67998e-01
1.127296272e+00 6.15715e-02 5.85046e-01 9.99999e-01 9.99999e-01 9.99999e-01 9.99999e-01 1.52756e-01 9.99999e-01 5.70873e-01 9.54969e-01
1.132932753e+00 1.96937e-02 2.06472e-01 9.99999e-01 9.99999e-01 9.99999e-01 9.99999e-01 1.17206e-01 9.99999e-01 5.77229e-01 9.59229e-01
1.138597417e+00 6.44800e-02 3.03170e-01 9.99999e-01 9.99999e-01 9.99999e-01 9.99999e-01 3.26252e-01 9.99999e-01 5.83529e-01 9.66677e-01
1.144290404e+00 8.04976e-02 6.74413e-01 9.99999e-01 9.99999e-01 9.99999e-01 9.99999e-01 1.87198e-01 9.99999e-01 5.89771e-01 9.70632e-01
1.150011856e+00 6.84119e-02 7.33876e-01 9.99999e-01 9.99999e-01 9.99999e-01 9.99999e-01 1.51650e-01 9.99999e-01 5.95954e-01 9.79463e-01
1.155761915e+00 6.17382e-02 6.99541e-01 9.99999e-01 9.99999e-01 9.99999e-01 9.99999e-01 1.38024e-01 9.99999e-01 6.02078e-01 9.91428e-01
1.161540725e+00 1.09193e-01 7.89144e-01 9.99999e-01 9.99999e-01 9.99999e-01 9.99999e-01 2.23116e-01 9.99999e-01 6.08142e-01 9.97812e-01
1.167348428e+00 1.82395e-01 8.86586e-01 9.99999e-01 9.99999e-01 9.99999e-01 9.99999e-01 3.29857e-01 9.99999e-01 6.14146e-01 9.99263e-01
1.173185171e+00 3.10961e-01 9.80797e-01 9.99999e-01 9.99999e-01 9.99999e-01 9.99999e-01 5.10482e-01 9.99999e-01 6.20089e-01 9.99217e-01
1.179051096e+00 4.21794e-01 9.87640e-01 9.99999e-01 9.99890e-01 9.99999e-01 9.99999e-01 6.82547e-01 9.99999e-01 6.25970e-01 9.98810e-01
1.184946352e+00 4.91428e-01 9.83833e-01 9.99999e-01 9.99714e-01 9.99999e-01 9.99999e-01 7.91688e-01 9.99999e-01 6.31789e-01 9.98533e-01
1.190871084e+00 5.37390e-01 9.70179e-01 9.99999e-01 9.99930e-01 9.99999e-01 9.99999e-01 8.68179e-01 9.99999e-01 6.37545e-01 9.98855e-01
1.196825439e+00 4.08833e-01 6.97621e-01 9.99999e-01 9.99906e-01 9.99999e-01 9.99999e-01 9.01964e-01 9.99999e-01 6.43239e-01 9.99009e-01
1.202809566e+00 1.91827e-02 3.10511e-02 9.99999e-01 9.99964e-01 9.99999e-01 9.99999e-01 9.05048e-01 9.99999e-01 6.48870e-01 9.99003e-01
1.208823614e+00 4.39692e-141 7.04430e-141 9.99999e-01 9.99981e-01 9.99999e-01 9.99999e-01 9.12473e-01 9.99999e-01 6.54437e-01 9.99286e-01
1.214867732e+00 6.73234e-103 1.06436e-102 9.99999e-01 9.99992e-01 9.99999e-01 9.99999e-01 9.18702e-01 9.99999e-01 6.59941e-01 9.99568e-01
1.220942071e+00 2.35314e-88 3.64535e-88 9.99999e-01 9.99996e-01 9.99999e-01 9.99999e-01 9.42203e-01 9.99999e-01 6.65381e-01 9.99744e-01
1.227046781e+00 1.90048e-62 2.90604e-62 9.99999e-01 9.99998e-01 9.99999e-01 9.99999e-01 9.57653e-01 9.99999e-01 6.70757e-01 9.99874e-01
1.233182015e+00 1.35247e-50 2.03110e-50 9.99999e-01 9.99999e-01 9.99999e-01 9.99999e-01 9.70204e-01 9.99999e-01 6.76069e-01 9.99959e-01
1.239347925e+00 1.01068e-33 1.49815e-33 9.99999e-01 9.99999e-01 9.99999e-01 9.99999e-01 9.79614e-01 9.99999e-01 6.81316e-01 9.99989e-01
1.245544665e+00 9.24981e-14 1.35616e-13 9.99999e-01 9.99999e-01 9.99999e-01 9.99999e-01 9.86542e-01 9.99999e-01 6.86500e-01 9.99994e-01
1.251772388e+00 1.43150e-05 2.08272e-05 9.99999e-01 9.99999e-01 9.99999e-01 9.99999e-01 9.89075e-01 9.99999e-01 6.91620e-01 9.99993e-01
1.258031250e+00 3.71635e-03 5.37138e-03 9.99999e-01 9.99999e-01 9.99999e-01 9.99999e-01 9.89244e-01 9.99999e-01 6.96675e-01 9.99990e-01
1.264321406e+00 1.38469e-02 1.99280e-02 9.99999e-01 9.99999e-01 9.99999e-01 9.99999e-01 9.86821e-01 9.99999e-01 7.01667e-01 9.99984e-01
1.270643013e+00 1.58237e-01 2.27656e-01 9.99999e-01 9.99999e-01 9.99999e-01 9.99999e-01 9.78602e-01 9.99999e-01 7.06594e-01 9.99974e-01
1.276996228e+00 3.34607e-01 4.86079e-01 9.99999e-01 9.99999e-01 9.99999e-01 9.99999e-01 9.61906e-01 9.99999e-01 7.11458e-01 9.99958e-01
1.283381209e+00 2.64426e-02 3.81090e-02 9.99999e-01 9.99999e-01 9.99999e-01 9.99999e-01 9.35953e-01 9.99999e-01 7.16259e-01 9.99925e-01
1.289798116e+00 1.78974e-12 2.67260e-12 9.99999e-01 9.99999e-01 9.99999e-01 9.99999e-01 8.76020e-01 9.99999e-01 7.20996e-01 9.99858e-01
1.296247106e+00 1.66830e-05 2.49079e-05 9.99999e-01 9.99999e-01 9.99999e-01 9.99999e-01 8.17949e-01 9.99999e-01 7.25669e-01 9.99721e-01
1.302728342e+00 4.41651e-03 7.40739e-03 9.99999e-01 9.99999e-01 9.99999e-01 9.99999e-01 7.42439e-01 9.99999e-01 7.30280e-01 9.99411e-01
1.309241983e+00 5.28758e-03 8.72781e-03 9.99999e-01 9.99999e-01 9.99999e-01 9.99999e-01 7.45349e-01 9.99999e-01 7.34828e-01 9.98776e-01
1.315788193e+00 2.76011e-37 4.47791e-37 9.99999e-01 9.99999e-01 9.99999e-01 9.99999e-01 6.84531e-01 9.99999e-01 7.39314e-01 9.97837e-01
1.322367134e+00 1.15941e-21 1.89508e-21 9.99999e-01 9.99999e-01 9.99999e-01 9.99999e-01 6.14408e-01 9.99999e-01 7.43738e-01 9.96449e-01
1.328978970e+00 1.32651e-11 2.48729e-11 9.99999e-01 9.99999e-01 9.99999e-01 9.99999e-01 4.64656e-01 9.99999e-01 7.48100e-01 9.93513e-01
1.335623865e+00 4.17398e-11 1.41238e-10 9.99999e-01 9.99999e-01 9.99999e-01 9.99999e-01 1.26984e-01 9.99999e-01 7.52401e-01 9.87962e-01
1.342301984e+00 3.54959e-13 3.97083e-11 9.99999e-01 9.99999e-01 9.99999e-01 9.99999e-01 1.04380e-03 9.99999e-01 7.56641e-01 9.74133e-01
1.349013494e+00 8.19538e-19 2.19588e-13 9.99999e-01 9.99999e-01 9.99999e-01 9.99999e-01 1.65722e-07 9.99999e-01 7.60820e-01 9.13217e-01
1.355758561e+00 2.16959e-22 1.52387e-08 9.99999e-01 9.99999e-01 9.99999e-01 9.99999e-01 1.27051e-15 9.99999e-01 7.64939e-01 7.10031e-01
1.362537354e+00 1.16245e-13 1.80889e-04 9.99999e-01 9.99999e-01 9.99999e-01 9.99999e-01 1.45763e-10 9.99999e-01 7.68999e-01 5.01446e-01
1.369350041e+00 2.59087e-09 5.79164e-02 9.99999e-01 9.99999e-01 9.99999e-01 9.99999e-01 1.98375e-08 9.99999e-01 7.72999e-01 4.56648e-01
1.376196791e+00 2.96859e-07 8.87431e-02 9.99999e-01 9.99999e-01 9.99999e-01 9.99999e-01 2.82165e-06 9.99999e-01 7.76940e-01 5.25443e-01
1.383077775e+00 6.35473e-10 1.18108e-01 9.99999e-01 9.99999e-01 9.99999e-01 9.99999e-01 6.16170e-09 9.99999e-01 7.80823e-01 5.48441e-01
1.389993164e+00 3.72382e-11 9.17152e-02 9.99999e-01 9.99999e-01 9.99999e-01 9.99999e-01 4.41882e-10 9.99999e-01 7.84648e-01 5.68362e-01
1.396943130e+00 1.10128e-09 2.47553e-01 9.99999e-01 9.99999e-01 9.99999e-01 9.99999e-01 6.14349e-09 9.99999e-01 7.88416e-01 5.94127e-01
1.403927846e+00 2.78363e-08 5.23407e-01 9.99999e-01 9.99999e-01 9.99999e-01 9.99999e-01 6.16654e-08 9.99999e-01 7.92127e-01 7.02615e-01
1.410947485e+00 3.87302e-09 8.90897e-01 9.99999e-01 9.99999e-01 9.99999e-01 9.99999e-01 5.98273e-09 9.99999e-01 7.95781e-01 8.55395e-01
1.418002222e+00 1.95447e-07 9.06643e-01 9.99999e-01 9.99999e-01 9.99999e-01 9.99999e-01 2.63887e-07 9.99999e-01 7.99380e-01 9.36587e-01
1.425092233e+00 5.18262e-07 1.37342e-01 9.99999e-01 9.99999e-01 9.99999e-01 9.99999e-01 1.12435e-06 9.99999e-01 8.02924e-01 9.59463e-01
1.432217694e+00 3.57789e-216 3.77507e-213 9.99999e-01 9.99999e-01 9.99999e-01 9.99999e-01 6.38996e-05 9.99999e-01 8.06412e-01 9.55652e-01
1.439378783e+00 0.00000e+00 0.00000e+00 9.99999e-01 9.99999e-01 9.99999e-01 9.99999e-01 3.99558e-04 9.99999e-01 8.09847e-01 9.49327e-01
1.446575677e+00 0.00000e+00 0.00000e+00 9.99999e-01 9.99999e-01 9.99999e-01 9.99999e-01 4.81574e-03 9.99999e-01 8.13228e-01 9.51692e-01
1.453808555e+00 0.00000e+00 0.00000e+00 9.99999e-01 9.99999e-01 9.99999e-01 9.99999e-01 2.14021e-02 9.99999e-01 8.16555e-01 9.61599e-01
1.461077598e+00 0.00000e+00 0.00000e+00 9.99999e-01 9.99999e-01 9.99999e-01 9.99999e-01 5.05761e-02 9.99999e-01 8.19831e-01 9.67052e-01
1.468382986e+00 1.60111e-217 1.85811e-216 9.99999e-01 9.99999e-01 9.99999e-01 9.99999e-01 2.76194e-02 9.99999e-01 8.23054e-01 9.66185e-01
1.475724901e+00 9.21543e-55 9.58819e-54 9.99999e-01 9.99999e-01 9.99999e-01 9.99999e-01 3.85643e-02 9.99999e-01 8.26226e-01 9.74086e-01
1.483103525e+00 7.81385e-48 7.24646e-47 9.99999e-01 9.99999e-01 9.99999e-01 9.99999e-01 5.44968e-02 9.99999e-01 8.29347e-01 9.86785e-01
1.490519043e+00 8.79320e-38 4.22107e-37 9.99999e-01 9.99999e-01 9.99999e-01 9.99999e-01 1.06548e-01 9.99999e-01 8.32418e-01 9.94057e-01
1.497971638e+00 1.13239e-24 3.23730e-24 9.99999e-01 9.99999e-01 9.99999e-01 9.99999e-01 1.97977e-01 9.99999e-01 8.35439e-01 9.97557e-01
1.505461496e+00 1.94319e-11 5.23312e-11 9.99999e-01 9.99999e-01 9.99999e-01 9.99999e-01 3.04921e-01 9.99999e-01 8.38412e-01 9.98863e-01
1.512988804e+00 2.32149e-12 4.23778e-12 9.99999e-01 9.99999e-01 9.99999e-01 9.99999e-01 4.66583e-01 9.99999e-01 8.41335e-01 9.99435e-01
1.520553748e+00 3.20671e-34 4.74980e-34 9.99999e-01 9.99999e-01 9.99999e-01 9.99999e-01 6.33990e-01 9.99999e-01 8.44211e-01 9.99760e-01
1.528156517e+00 2.16749e-187 3.11225e-187 9.99999e-01 9.99999e-01 9.99999e-01 9.99999e-01 7.13192e-01 9.99999e-01 8.47040e-01 9.99913e-01
1.535797299e+00 1.28909e-140 1.68322e-140 9.99999e-01 9.99999e-01 9.99999e-01 9.99999e-01 8.18292e-01 9.99999e-01 8.49822e-01 9.99967e-01
1.543476286e+00 1.26300e-58 1.56831e-58 9.99999e-01 9.99999e-01 9.99999e-01 9.99999e-01 8.66254e-01 9.99999e-01 8.52558e-01 9.99983e-01
1.551193667e+00 7.43425e-19 9.09703e-19 9.99999e-01 9.99624e-01 9.99999e-01 9.99999e-01 9.18879e-01 9.99999e-01 8.55249e-01 9.99990e-01
1.558949636e+00 3.83620e-18 4.66589e-18 9.99999e-01 9.43816e-01 9.99999e-01 9.99999e-01 9.42563e-01 9.99999e-01 8.57894e-01 9.99993e-01
1.566744384e+00 4.62327e-46 5.68961e-46 9.99999e-01 9.20341e-01 9.99999e-01 9.99999e-01 9.59234e-01 9.99999e-01 8.60495e-01 9.99994e-01
1.574578106e+00 0.00000e+00 0.00000e+00 9.99999e-01 9.82789e-01 9.99999e-01 9.99999e-01 9.74666e-01 9.99999e-01 8.63053e-01 9.99995e-01
1.582450996e+00 0.00000e+00 0.00000e+00 9.99999e-01 9.64850e-01 9.99999e-01 9.99999e-01 9.80699e-01 9.99999e-01 8.65567e-01 9.99993e-01
1.590363251e+00 0.00000e+00 0.00000e+00 9.99999e-01 9.71146e-01 9.99999e-01 9.99999e-01 9.84380e-01 9.99999e-01 8.68039e-01 9.99991e-01
1.598315067e+00 0.00000e+00 0.00000e+00 9.99999e-01 9.82023e-01 9.99999e-01 9.99999e-01 9.88429e-01 9.99999e-01 8.70469e-01 9.99990e-01
1.606306643e+00 0.00000e+00 0.00000e+00 9.99999e-01 9.91830e-01 9.99999e-01 9.99999e-01 9.89090e-01 9.99999e-01 8.72857e-01 9.99991e-01
1.614338176e+00 0.00000e+00 0.00000e+00 9.99999e-01 9.96094e-01 9.99999e-01 9.99999e-01 9.89960e-01 9.99999e-01 8.75205e-01 9.99991e-01
1.622409867e+00 0.00000e+00 0.00000e+00 9.99999e-01 9.98213e-01 9.99999e-01 9.99999e-01 9.89063e-01 9.99999e-01 8.77512e-01 9.99991e-01
1.630521916e+00 0.00000e+00 0.00000e+00 9.99999e-01 9.99180e-01 9.99999e-01 9.99999e-01 9.82281e-01 9.99999e-01 8.79780e-01 9.99989e-01
1.638674526e+00 1.75217e-167 2.00598e-167 9.99999e-01 9.99701e-01 9.99999e-01 9.99999e-01 9.81079e-01 9.99999e-01 8.82009e-01 9.99983e-01
1.646867898e+00 2.76676e-110 3.16939e-110 9.99999e-01 9.99886e-01 9.99999e-01 9.99999e-01 9.66489e-01 9.99999e-01 8.84199e-01 9.99976e-01
1.655102238e+00 6.35206e-113 7.30468e-113 9.99999e-01 9.99972e-01 9.99999e-01 9.99999e-01 9.59592e-01 9.99999e-01 8.86351e-01 9.99972e-01
1.663377749e+00 4.02657e-112 4.65951e-112 9.99999e-01 9.99988e-01 9.99999e-01 9.99999e-01 9.43229e-01 9.99999e-01 8.88465e-01 9.99971e-01
1.671694638e+00 4.14126e-86 4.81585e-86 9.99999e-01 9.99997e-01 9.99999e-01 9.99999e-01 9.11106e-01 9.99999e-01 8.90543e-01 9.99967e-01
1.680053111e+00 2.79866e-67 3.22017e-67 9.99999e-01 9.99999e-01 9.99999e-01 9.99999e-01 9.31442e-01 9.99999e-01 8.92585e-01 9.99954e-01
1.688453377e+00 1.61100e-30 1.85047e-30 9.99999e-01 9.99999e-01 9.99999e-01 9.99999e-01 8.86265e-01 9.99999e-01 8.94590e-01 9.99929e-01
1.696895643e+00 7.32924e-18 8.85272e-18 9.99999e-01 9.99999e-01 9.99999e-01 9.99999e-01 8.45803e-01 9.99999e-01 8.96561e-01 9.99890e-01
1.705380122e+00 4.81430e-04 5.75103e-04 9.99999e-01 9.99998e-01 9.99999e-01 9.99999e-01 8.70050e-01 9.99999e-01 8.98497e-01 9.99831e-01
1.713907022e+00 3.71101e-03 4.76476e-03 9.99999e-01 9.99999e-01 9.99999e-01 9.99999e-01 8.29267e-01 9.99999e-01 9.00398e-01 9.99757e-01
1.722476557e+00 2.50724e-02 3.67393e-02 9.99999e-01 9.99999e-01 9.99999e-01 9.99999e-01 7.18966e-01 9.99999e-01 9.02266e-01 9.99645e-01
1.731088940e+00 1.08781e-01 1.51860e-01 9.99999e-01 9.99999e-01 9.99999e-01 9.99999e-01 7.37620e-01 9.99999e-01 9.04101e-01 9.99443e-01
1.739744385e+00 2.81164e-01 5.14953e-01 9.99999e-01 9.99999e-01 9.99999e-01 9.99999e-01 5.80908e-01 9.99999e-01 9.05903e-01 9.99116e-01
1.748443107e+00 7.20610e-02 1.35554e-01 9.99999e-01 9.99999e-01 9.99999e-01 9.99999e-01 4.25023e-01 9.99999e-01 9.07673e-01 9.98605e-01
1.757185322e+00 1.83259e-10 3.83044e-10 9.99999e-01 9.99999e-01 9.99999e-01 9.99999e-01 1.89526e-01 9.99999e-01 9.09411e-01 9.97669e-01
1.765971249e+00 9.52076e-58 3.43799e-57 9.99999e-01 9.99999e-01 9.99999e-01 9.99999e-01 7.30060e-02 9.99999e-01 9.11119e-01 9.96026e-01
1.774801105e+00 1.68987e-41 3.25206e-40 9.99999e-01 9.99999e-01 9.99999e-01 9.99999e-01 9.38333e-03 9.99999e-01 9.12795e-01 9.93723e-01
1.783675111e+00 3.41738e-42 5.10662e-40 9.99999e-01 9.99999e-01 9.99999e-01 9.99999e-01 9.72384e-04 9.99999e-01 9.14442e-01 9.90105e-01
1.792593486e+00 3.48362e-44 4.35386e-41 9.99999e-01 9.99999e-01 9.99999e-01 9.99999e-01 5.84822e-05 9.99999e-01 9.16059e-01 9.81286e-01
1.801556454e+00 1.57186e-51 6.14178e-47 9.99999e-01 9.99999e-01 9.99999e-01 9.99999e-01 1.23269e-06 9.99999e-01 9.17647e-01 9.62342e-01
1.810564236e+00 2.48015e-44 2.61617e-35 9.99999e-01 9.99999e-01 9.99999e-01 9.99999e-01 6.58175e-11 9.99999e-01 9.19206e-01 9.14097e-01
1.819617057e+00 4.17336e-46 6.19851e-37 9.99999e-01 9.99999e-01 9.99999e-01 9.99999e-01 5.97248e-11 9.99999e-01 9.20737e-01 8.26493e-01
1.828715142e+00 2.79754e-27 3.85496e-18 9.99999e-01 9.99999e-01 9.99999e-01 9.99999e-01 3.58840e-11 9.99999e-01 9.22240e-01 6.65069e-01
1.837858718e+00 2.42924e-25 7.14915e-12 9.99999e-01 9.99999e-01 9.99999e-01 9.99999e-01 4.75374e-15 9.99999e-01 9.23716e-01 4.62403e-01
1.847048012e+00 5.38808e-13 7.73997e-04 9.99999e-01 9.99999e-01 9.99999e-01 9.99999e-01 2.31557e-10 9.99999e-01 9.25164e-01 3.60841e-01
1.856283252e+00 4.69671e-13 3.08529e-03 9.99999e-01 9.99999e-01 9.99999e-01 9.99999e-01 2.05293e-10 9.99999e-01 9.26587e-01 3.42201e-01
1.865564668e+00 2.71250e-19 1.39111e-04 9.99999e-01 9.99999e-01 9.99999e-01 9.99999e-01 2.02263e-16 9.99999e-01 9.27984e-01 3.61371e-01
1.874892491e+00 3.53797e-29 5.31441e-23 9.99999e-01 9.99999e-01 9.99999e-01 9.99999e-01 7.29262e-08 9.99999e-01 9.29355e-01 4.02379e-01
1.884266954e+00 3.15269e-138 1.52396e-132 9.99999e-01 9.99999e-01 9.99999e-01 9.99999e-01 4.65760e-07 9.99999e-01 9.30700e-01 4.54324e-01
1.893688289e+00 1.59865e-213 2.33880e-209 9.99999e-01 9.99999e-01 9.99999e-01 9.99999e-01 1.03677e-05 9.99999e-01 9.32022e-01 4.76621e-01
1.903156730e+00 5.47986e-213 7.79957e-209 9.99999e-01 9.99999e-01 9.99999e-01 9.99999e-01 4.61654e-06 9.99999e-01 9.33319e-01 4.89226e-01
1.912672514e+00 2.02830e-183 4.03621e-175 9.99999e-01 9.99999e-01 9.99999e-01 9.99999e-01 4.38498e-10 9.99999e-01 9.34592e-01 5.67412e-01
1.922235876e+00 1.59609e-185 4.03357e-175 9.99999e-01 9.99999e-01 9.99999e-01 9.99999e-01 1.83950e-12 9.99999e-01 9.35841e-01 7.32625e-01
1.931847056e+00 0.00000e+00 0.00000e+00 9.99999e-01 9.99999e-01 9.99999e-01 9.99999e-01 5.69985e-14 9.99999e-01 9.37068e-01 8.59963e-01
1.941506291e+00 0.00000e+00 0.00000e+00 9.99999e-01 9.99999e-01 9.99999e-01 9.99999e-01 7.06770e-10 9.99999e-01 9.38272e-01 9.37268e-01
1.951213822e+00 0.00000e+00 0.00000e+00 9.99999e-01 9.99999e-01 9.99999e-01 9.99999e-01 6.49046e-07 9.99999e-01 9.39453e-01 9.73768e-01
1.960969892e+00 0.00000e+00 0.00000e+00 9.99999e-01 9.99999e-01 9.99999e-01 9.99999e-01 1.40430e-05 9.99999e-01 9.40613e-01 9.87520e-01
1.970774741e+00 0.00000e+00 0.00000e+00 9.99999e-01 9.99999e-01 9.99999e-01 9.99999e-01 2.78388e-04 9.99999e-01 9.41751e-01 9.93503e-01
1.980628615e+00 0.00000e+00 0.00000e+00 9.99999e-01 9.99999e-01 9.99999e-01 9.99999e-01 9.09628e-03 9.99999e-01 9.42868e-01 9.96492e-01
1.990531758e+00 0.00000e+00 0.00000e+00 9.99999e-01 9.99999e-01 9.99999e-01 9.99999e-01 3.14279e-02 9.99999e-01 9.43964e-01 9.98095e-01
2.000484417e+00 0.00000e+00 0.00000e+00 9.99999e-01 9.99999e-01 9.99999e-01 9.99999e-01 1.05283e-01 9.99999e-01 9.45040e-01 9.98925e-01
2.010486839e+00 0.00000e+00 0.00000e+00 9.99999e-01 9.99999e-01 9.99999e-01 9.99999e-01 2.01392e-01 9.99999e-01 9.46096e-01 9.99387e-01
2.020539273e+00 0.00000e+00 0.00000e+00 9.99999e-01 9.99999e-01 9.99999e-01 9.99999e-01 3.57341e-01 9.99999e-01 9.47132e-01 9.99598e-01
2.030641969e+00 0.00000e+00 0.00000e+00 9.99999e-01 9.99999e-01 9.99999e-01 9.99999e-01 4.46614e-01 9.99999e-01 9.48149e-01 9.99688e-01
2.040795179e+00 0.00000e+00 0.00000e+00 9.99999e-01 9.99999e-01 9.99999e-01 9.99999e-01 5.78226e-01 9.99999e-01 9.49146e-01 9.99710e-01
2.050999155e+00 0.00000e+00 0.00000e+00 9.99998e-01 9.99999e-01 9.99999e-01 9.99999e-01 7.11767e-01 9.99999e-01 9.50125e-01 9.99630e-01
2.061254151e+00 0.00000e+00 0.00000e+00 9.99997e-01 9.99999e-01 9.99999e-01 9.99999e-01 8.21504e-01 9.99999e-01 9.51086e-01 9.99452e-01
2.071560421e+00 0.00000e+00 0.00000e+00 9.99995e-01 9.99999e-01 9.99999e-01 9.99999e-01 8.21115e-01 9.99999e-01 9.52029e-01 9.99132e-01
2.081918224e+00 0.00000e+00 0.00000e+00 9.99991e-01 9.99999e-01 9.99999e-01 9.99999e-01 8.68555e-01 9.99999e-01 9.52953e-01 9.98634e-01
2.092327815e+00 0.00000e+00 0.00000e+00 9.99988e-01 9.99999e-01 9.99999e-01 9.99999e-01 9.04210e-01 9.99999e-01 9.53861e-01 9.97900e-01
2.102789454e+00 0.00000e+00 0.00000e+00 9.99986e-01 9.99999e-01 9.99999e-01 9.99999e-01 9.06849e-01 9.99999e-01 9.54751e-01 9.96943e-01
2.113303401e+00 0.00000e+00 0.00000e+00 9.99983e-01 9.99999e-01 9.99999e-01 9.99999e-01 9.27675e-01 9.99999e-01 9.55625e-01 9.96090e-01
2.123869918e+00 0.00000e+00 0.00000e+00 9.99983e-01 9.99999e-01 9.99999e-01 9.99999e-01 9.51960e-01 9.99999e-01 9.56482e-01 9.95495e-01
2.134489268e+00 0.00000e+00 0.00000e+00 9.99986e-01 9.99999e-01 9.99999e-01 9.99999e-01 9.59608e-01 9.99999e-01 9.57323e-01 9.95050e-01
2.145161714e+00 0.00000e+00 0.00000e+00 9.99993e-01 9.99999e-01 9.99999e-01 9.99999e-01 9.61661e-01 9.99999e-01 9.58148e-01 9.94158e-01
2.155887523e+00 5.92194e-169 6.40137e-169 9.99983e-01 9.99999e-01 9.99999e-01 9.99999e-01 9.58764e-01 9.99999e-01 9.58958e-01 9.92952e-01
2.166666960e+00 3.27665e-90 3.53426e-90 9.99977e-01 9.99999e-01 9.99999e-01 9.99999e-01 9.59903e-01 9.99999e-01 9.59752e-01 9.93661e-01
2.177500295e+00 2.17957e-64 2.34566e-64 9.99992e-01 9.99999e-01 9.99999e-01 9.99999e-01 9.54092e-01 9.99999e-01 9.60531e-01 9.95573e-01
2.188387796e+00 2.30640e-35 2.47934e-35 9.99991e-01 9.99999e-01 9.99999e-01 9.99999e-01 9.52237e-01 9.99999e-01 9.61295e-01 9.96343e-01
2.199329735e+00 2.98069e-24 3.21381e-24 9.99993e-01 9.99999e-01 9.99999e-01 9.99999e-01 9.21871e-01 9.99999e-01 9.62045e-01 9.97068e-01
2.210326384e+00 1.32413e-07 1.42883e-07 9.99993e-01 9.99999e-01 9.99999e-01 9.99999e-01 9.46387e-01 9.99999e-01 9.62780e-01 9.97893e-01
2.221378016e+00 1.87852e-05 2.09790e-05 9.99995e-01 9.99999e-01 9.99999e-01 9.99999e-01 8.87404e-01 9.99999e-01 9.63502e-01 9.98611e-01
2.232484906e+00 8.46308e-04 9.26546e-04 9.99996e-01 9.99999e-01 9.99999e-01 9.99999e-01 9.32899e-01 9.99999e-01 9.64210e-01 9.99155e-01
2.243647331e+00 3.40834e-03 3.95115e-03 9.99997e-01 9.99999e-01 9.99999e-01 9.99999e-01 8.52371e-01 9.99999e-01 9.64904e-01 9.99478e-01
2.254865567e+00 1.38218e-02 1.55269e-02 9.99998e-01 9.99999e-01 9.99999e-01 9.99999e-01 9.04296e-01 9.99999e-01 9.65585e-01 9.99651e-01
2.266139895e+00 1.91984e-02 2.37222e-02 9.99998e-01 9.99999e-01 9.99999e-01 9.99999e-01 7.81911e-01 9.99999e-01 9.66254e-01 9.99728e-01
2.277470595e+00 2.23763e-03 2.78374e-03 9.99998e-01 9.99701e-01 9.99999e-01 9.99999e-01 7.93695e-01 9.99999e-01 9.66909e-01 9.99724e-01
2.288857948e+00 1.95562e-02 2.62822e-02 9.99999e-01 9.42318e-01 9.99999e-01 9.99999e-01 7.24770e-01 9.99999e-01 9.67552e-01 9.99667e-01
2.300302237e+00 1.30697e-02 6.83017e-02 9.99999e-01 2.11947e-01 9.99999e-01 9.99999e-01 6.82182e-01 9.99999e-01 9.68182e-01 9.99585e-01
2.311803748e+00 1.14532e-04 2.41261e-02 9.99999e-01 2.38480e-03 9.99999e-01 9.99999e-01 5.74992e-01 9.99999e-01 9.68801e-01 9.99456e-01
2.323362767e+00 1.37042e-06 1.80058e-02 9.99999e-01 5.84268e-05 9.99999e-01 9.99999e-01 4.71671e-01 9.99999e-01 9.69408e-01 9.99287e-01
2.334979581e+00 3.29964e-05 4.03135e-03 9.99999e-01 3.56083e-03 9.99999e-01 9.99999e-01 5.66705e-01 9.99999e-01 9.70003e-01 9.99025e-01
2.346654479e+00 7.46171e-04 9.65167e-03 9.99999e-01 1.26833e-01 9.99999e-01 9.99999e-01 2.93861e-01 9.99999e-01 9.70586e-01 9.98682e-01
2.358387751e+00 2.09556e-03 1.74023e-01 9.99999e-01 1.67216e-02 9.99999e-01 9.99999e-01 2.91803e-01 9.99999e-01 9.71159e-01 9.98030e-01
2.370179690e+00 7.39193e-04 3.75597e-01 9.99999e-01 5.00034e-03 9.99999e-01 9.99999e-01 2.66744e-01 9.99999e-01 9.71721e-01 9.97075e-01
2.382030589e+00 7.68299e-04 2.24261e-01 9.99999e-01 1.14472e-02 9.99999e-01 9.99999e-01 9.42290e-02 9.99999e-01 9.72271e-01 9.96072e-01
2.393940742e+00 2.29786e-03 1.32313e-01 9.99999e-01 4.81339e-02 9.99999e-01 9.99999e-01 1.78693e-01 9.99999e-01 9.72811e-01 9.94618e-01
2.405910445e+00 1.94127e-03 9.86707e-02 9.99999e-01 1.41763e-01 9.99999e-01 9.99999e-01 7.62332e-02 9.99999e-01 9.73341e-01 9.92612e-01
2.417939997e+00 4.94097e-03 2.28396e-01 9.99999e-01 3.32997e-01 9.99999e-01 9.99999e-01 2.85578e-02 9.99999e-01 9.73861e-01 9.89853e-01
2.430029697e+00 2.98285e-02 8.51399e-01 9.99999e-01 5.30066e-01 9.99999e-01 9.99997e-01 5.34941e-02 9.99999e-01 9.74370e-01 9.85926e-01
2.442179846e+00 5.15060e-03 9.69067e-01 9.99999e-01 7.35987e-01 9.99999e-01 9.88636e-01 6.57630e-03 9.99999e-01 9.74870e-01 9.80647e-01
2.454390745e+00 3.30505e-04 2.21256e-01 9.99999e-01 8.53228e-01 9.99999e-01 7.44272e-01 5.63462e-04 9.99999e-01 9.75360e-01 9.72201e-01
2.466662699e+00 2.00775e-07 9.61259e-05 9.99999e-01 9.31355e-01 9.99999e-01 6.99264e-01 1.02384e-04 9.99999e-01 9.75841e-01 9.59634e-01
2.478996012e+00 5.14454e-56 9.91918e-48 9.99999e-01 9.69800e-01 9.99999e-01 6.92031e-01 4.47498e-10 9.99999e-01 9.76313e-01 9.41742e-01
2.491390992e+00 7.39930e-130 8.75168e-120 9.99999e-01 9.87165e-01 9.99999e-01 8.65697e-01 3.22909e-12 9.99999e-01 9.76775e-01 9.16795e-01
2.503847947e+00 4.88735e-148 1.77527e-123 9.99999e-01 9.94963e-01 9.99999e-01 9.87083e-01 9.82272e-27 9.99999e-01 9.77229e-01 8.77107e-01
2.516367187e+00 2.14529e-154 1.79740e-123 9.99999e-01 9.98400e-01 9.99999e-01 9.97564e-01 4.55323e-33 9.99999e-01 9.77673e-01 8.04731e-01
2.528949023e+00 4.45528e-263 3.46673e-206 9.99999e-01 9.99540e-01 9.99999e-01 9.99999e-01 8.00494e-59 9.99999e-01 9.78109e-01 6.81714e-01
2.541593768e+00 1.44020e-300 3.85217e-209 9.99999e-01 9.99864e-01 9.99999e-01 9.99999e-01 2.43481e-93 9.99999e-01 9.78537e-01 4.79219e-01
2.554301737e+00 0.00000e+00 5.70161e-246 9.99999e-01 9.99970e-01 9.99999e-01 9.99999e-01 6.60482e-89 9.99999e-01 9.78957e-01 2.31637e-01
2.567073246e+00 0.00000e+00 0.00000e+00 9.99999e-01 9.99967e-01 9.99999e-01 9.99999e-01 7.67467e-97 9.99999e-01 9.79368e-01 6.02584e-02
2.579908612e+00 0.00000e+00 0.00000e+00 9.99999e-01 9.99604e-01 9.99999e-01 9.99999e-01 8.80431e-142 9.99999e-01 9.79771e-01 7.27045e-03
2.592808155e+00 0.00000e+00 0.00000e+00 9.99999e-01 9.99999e-01 9.99999e-01 9.99999e-01 1.89484e-133 9.99999e-01 9.80167e-01 8.08172e-04
2.605772196e+00 0.00000e+00 0.00000e+00 9.99999e-01 9.99999e-01 9.99999e-01 9.99999e-01 5.05718e-94 9.99999e-01 9.80555e-01 1.62124e-04
2.618801057e+00 0.00000e+00 0.00000e+00 9.99999e-01 9.99999e-01 9.99999e-01 9.99999e-01 1.78615e-79 9.99999e-01 9.80935e-01 1.34728e-04
2.631895062e+00 0.00000e+00 0.00000e+00 9.99999e-01 9.99999e-01 9.99999e-01 9.99999e-01 3.00590e-39 9.99999e-01 9.81308e-01 2.12246e-04
2.645054537e+00 0.00000e+00 0.00000e+00 9.99999e-01 9.99999e-01 9.99999e-01 9.99999e-01 2.99543e-39 9.99999e-01 9.81674e-01 2.89841e-04
2.658279810e+00 0.00000e+00 0.00000e+00 9.99999e-01 9.99999e-01 9.99999e-01 9.99999e-01 4.88651e-69 9.99999e-01 9.82033e-01 2.67523e-04
2.671571209e+00 0.00000e+00 0.00000e+00 9.99999e-01 9.99999e-01 9.99999e-01 9.99999e-01 3.12416e-149 9.99999e-01 9.82384e-01 2.54753e-04
2.684929065e+00 0.00000e+00 0.00000e+00 9.99999e-01 9.99999e-01 9.99999e-01 9.99999e-01 7.68939e-163 9.99999e-01 9.82729e-01 3.31792e-04
2.698353710e+00 0.00000e+00 0.00000e+00 9.99999e-01 9.99999e-01 9.99999e-01 9.99999e-01 1.53972e-103 9.99999e-01 9.83067e-01 5.06957e-04
2.711845479e+00 0.00000e+00 0.00000e+00 9.99999e-01 9.99999e-01 9.99999e-01 9.99832e-01 7.96416e-104 9.99999e-01 9.83399e-01 6.98120e-04
2.725404706e+00 0.00000e+00 0.00000e+00 9.99999e-01 9.99999e-01 9.99999e-01 9.32698e-01 5.44184e-92 9.99999e-01 9.83724e-01 1.13720e-03
2.739031730e+00 0.00000e+00 0.00000e+00 9.99999e-01 9.99999e-01 9.99999e-01 3.28544e-01 3.81443e-94 9.99999e-01 9.84043e-01 2.57867e-03
2.752726889e+00 0.00000e+00 0.00000e+00 9.99999e-01 9.99999e-01 9.99999e-01 1.66671e-01 2.34261e-95 9.99999e-01 9.84356e-01 1.18097e-02
2.766490523e+00 0.00000e+00 0.00000e+00 9.99999e-01 9.99999e-01 9.99999e-01 2.01227e-01 1.26838e-121 9.99999e-01 9.84662e-01 5.09316e-02
2.780322976e+00 0.00000e+00 0.00000e+00 9.99999e-01 9.99999e-01 9.99999e-01 3.32819e-01 1.83334e-110 9.99999e-01 9.84963e-01 1.55056e-01
2.794224591e+00 0.00000e+00 0.00000e+00 9.99999e-01 9.99999e-01 9.99999e-01 7.42496e-01 2.18590e-89 9.99999e-01 9.85258e-01 3.29652e-01
2.808195713e+00 0.00000e+00 0.00000e+00 9.99999e-01 9.99999e-01 9.99999e-01 9.83164e-01 6.49656e-91 9.99999e-01 9.85547e-01 4.58539e-01
2.822236692e+00 0.00000e+00 0.00000e+00 9.99999e-01 9.99999e-01 9.99999e-01 9.87678e-01 9.08188e-70 9.99999e-01 9.85830e-01 5.79133e-01
2.836347875e+00 0.00000e+00 0.00000e+00 9.99999e-01 9.99999e-01 9.99999e-01 9.99967e-01 4.21584e-57 9.99999e-01 9.86108e-01 7.00979e-01
2.850529615e+00 0.00000e+00 0.00000e+00 9.99999e-01 9.99999e-01 9.99999e-01 9.98688e-01 8.91360e-57 9.99999e-01 9.86381e-01 7.87002e-01
2.864782263e+00 0.00000e+00 0.00000e+00 9.99999e-01 9.99999e-01 9.99999e-01 9.82147e-01 4.74167e-44 9.99999e-01 9.86648e-01 8.36257e-01
2.879106174e+00 0.00000e+00 0.00000e+00 9.99999e-01 9.99999e-01 9.99999e-01 9.71384e-01 2.03969e-32 9.99999e-01 9.86910e-01 8.76160e-01
2.893501705e+00 0.00000e+00 0.00000e+00 9.99999e-01 9.99999e-01 9.99999e-01 9.41686e-01 1.75059e-29 9.99999e-01 9.87167e-01 9.14954e-01
2.907969214e+00 0.00000e+00 0.00000e+00 9.99999e-01 9.99999e-01 9.99999e-01 9.49383e-01 7.94772e-19 9.99999e-01 9.87419e-01 9.36083e-01
2.922509060e+00 0.00000e+00 0.00000e+00 9.99999e-01 9.99999e-01 9.99999e-01 9.63004e-01 9.74246e-13 9.99999e-01 9.87666e-01 9.48097e-01
2.937121605e+00 0.00000e+00 0.00000e+00 9.99999e-01 9.99999e-01 9.99999e-01 9.69919e-01 4.90840e-12 9.99999e-01 9.87908e-01 9.61243e-01
2.951807213e+00 0.00000e+00 0.00000e+00 9.99999e-01 9.99999e-01 9.99999e-01 9.91534e-01 4.84122e-13 9.99999e-01 9.88145e-01 9.67695e-01
2.966566249e+00 0.00000e+00 0.00000e+00 9.99999e-01 9.99999e-01 9.99999e-01 9.99362e-01 8.14860e-13 9.99999e-01 9.88378e-01 9.70669e-01
2.981399080e+00 0.00000e+00 0.00000e+00 9.99999e-01 9.99999e-01 9.99999e-01 9.88079e-01 5.01272e-10 9.99999e-01 9.88606e-01 9.73046e-01
2.996306076e+00 0.00000e+00 0.00000e+00 9.99999e-01 9.99999e-01 9.99999e-01 9.99999e-01 9.58058e-10 9.99999e-01 9.88830e-01 9.72970e-01
3.011287606e+00 0.00000e+00 0.00000e+00 9.99999e-01 9.99999e-01 9.99999e-01 9.99999e-01 8.97180e-07 9.99999e-01 9.89049e-01 9.70786e-01
3.026344044e+00 0.00000e+00 0.00000e+00 9.99999e-01 9.99999e-01 9.99999e-01 9.99999e-01 7.73333e-06 9.99999e-01 9.89265e-01 9.64945e-01
3.041475764e+00 1.52211e-306 1.11883e-301 9.99999e-01 9.99999e-01 9.99999e-01 9.99999e-01 1.76200e-06 9.99999e-01 9.89475e-01 9.56488e-01
3.056683143e+00 1.29728e-145 2.59102e-142 9.99999e-01 9.99999e-01 9.99999e-01 9.99999e-01 1.04319e-04 9.99999e-01 9.89682e-01 9.50529e-01
3.071966559e+00 3.39426e-104 1.26925e-98 9.99999e-01 9.99999e-01 9.99999e-01 9.99999e-01 6.67819e-05 9.99999e-01 9.89885e-01 7.33494e-03
3.087326392e+00 2.13682e-101 1.07012e-95 9.99999e-01 9.99999e-01 9.99999e-01 9.99999e-01 1.42388e-04 9.99999e-01 9.90084e-01 4.09168e-03
3.102763024e+00 2.25406e-111 4.09132e-101 9.99999e-01 9.99999e-01 9.99999e-01 9.99999e-01 4.34117e-04 9.99999e-01 9.90279e-01 3.42909e-08
3.118276839e+00 4.32537e-105 3.75470e-82 9.99999e-01 9.99999e-01 9.99999e-01 9.99999e-01 1.57797e-03 9.99999e-01 9.90470e-01 1.16436e-21
3.133868223e+00 3.73654e-93 7.80028e-71 9.99999e-01 9.99999e-01 9.99999e-01 9.99999e-01 2.89606e-03 9.99999e-01 9.90657e-01 4.62395e-21
3.149537564e+00 6.14749e-75 6.23729e-71 9.99999e-01 9.99999e-01 9.99999e-01 9.99999e-01 7.58213e-03 9.99999e-01 9.90841e-01 3.10780e-03
3.165285252e+00 3.67306e-105 7.79134e-93 9.99999e-01 9.99999e-01 9.99999e-01 9.99999e-01 4.05857e-02 9.99999e-01 9.91021e-01 5.52068e-12
3.181111678e+00 7.19245e-114 1.83762e-95 9.99999e-01 9.99999e-01 9.99999e-01 9.99999e-01 1.93169e-02 9.99999e-01 9.91197e-01 4.96239e-18
3.197017237e+00 5.48073e-109 2.12829e-74 9.99999e-01 9.99999e-01 9.99999e-01 9.99999e-01 1.84206e-03 9.99999e-01 9.91371e-01 1.21848e-33
3.213002323e+00 1.12225e-115 9.79711e-65 9.99999e-01 9.99999e-01 9.99999e-01 9.99999e-01 3.65728e-04 9.99999e-01 9.91540e-01 5.99883e-49
3.229067334e+00 3.86942e-136 4.33870e-63 9.99999e-01 9.99999e-01 9.99999e-01 9.99999e-01 4.05454e-03 9.99999e-01 9.91707e-01 4.36989e-72
3.245212671e+00 3.72196e-146 2.96835e-30 9.99999e-01 9.99999e-01 9.99999e-01 9.99999e-01 1.19963e-02 9.99999e-01 9.91870e-01 1.50436e-115
3.261438734e+00 8.53773e-206 3.73717e-17 9.99999e-01 9.99999e-01 9.99999e-01 9.99999e-01 1.90821e-02 9.99999e-01 9.92030e-01 2.90436e-188
3.277745928e+00 5.03446e-309 5.69546e-09 9.99999e-01 9.99999e-01 9.99999e-01 9.99014e-01 1.03990e-02 9.99999e-01 9.92186e-01 2.50482e-299
3.294134658e+00 0.00000e+00 1.87279e-06 9.99999e-01 9.99999e-01 9.99999e-01 9.85069e-01 8.40038e-03 9.99999e-01 9.92340e-01 0.00000e+00
3.310605331e+00 0.00000e+00 4.28605e-07 9.99999e-01 9.99999e-01 9.99999e-01 9.57034e-01 6.11242e-03 9.99999e-01 9.92491e-01 0.00000e+00
3.327158358e+00 0.00000e+00 7.48301e-08 9.99999e-01 9.99999e-01 9.99999e-01 9.78592e-01 5.42093e-03 9.99999e-01 9.92639e-01 0.00000e+00
3.343794149e+00 0.00000e+00 1.24875e-06 9.99999e-01 9.99999e-01 9.99999e-01 9.73704e-01 4.59139e-03 9.99999e-01 9.92784e-01 0.00000e+00
3.360513120e+00 0.00000e+00 6.84001e-07 9.99999e-01 9.99999e-01 9.99999e-01 9.96432e-01 8.58432e-03 9.99999e-01 9.92926e-01 0.00000e+00
3.377315686e+00 1.25576e-213 1.61739e-06 9.99999e-01 9.99999e-01 9.99999e-01 9.92206e-01 1.87684e-02 9.99999e-01 9.93065e-01 1.50533e-206
3.394202264e+00 2.49012e-128 4.87054e-03 9.99999e-01 9.99999e-01 9.99999e-01 9.94150e-01 7.36705e-02 9.99999e-01 9.93201e-01 4.32287e-125
3.411173276e+00 1.31712e-74 2.86022e-01 9.99999e-01 9.99999e-01 9.99999e-01 9.99999e-01 6.61698e-02 9.99999e-01 9.93335e-01 5.28199e-73
3.428229142e+00 3.37322e-45 6.06908e-01 9.99999e-01 9.99999e-01 9.99999e-01 9.99999e-01 1.86670e-01 9.99999e-01 9.93466e-01 2.81694e-44
3.445370288e+00 2.07049e-24 4.83786e-01 9.99999e-01 9.99999e-01 9.99999e-01 9.99999e-01 2.71902e-01 9.99999e-01 9.93595e-01 1.50144e-23
3.462597139e+00 4.84249e-08 1.94853e-01 9.99999e-01 9.99999e-01 9.99999e-01 9.99999e-01 3.21853e-01 9.99999e-01 9.93721e-01 6.51524e-07
3.479910125e+00 4.82077e-03 4.23215e-02 9.99999e-01 9.99999e-01 9.99999e-01 9.99952e-01 4.66758e-01 9.99999e-01 9.93845e-01 2.23754e-01
3.497309675e+00 3.15778e-04 4.15423e-03 9.99999e-01 9.99999e-01 9.99999e-01 9.99314e-01 5.64829e-01 9.99999e-01 9.93966e-01 1.15116e-01
3.514796224e+00 1.95460e-05 7.25001e-05 9.99999e-01 9.99999e-01 9.99999e-01 9.95309e-01 6.01990e-01 9.99999e-01 9.94085e-01 3.64969e-01
3.532370205e+00 3.97957e-08 5.11968e-08 9.99999e-01 9.99999e-01 9.99999e-01 9.86312e-01 7.34237e-01 9.99999e-01 9.94201e-01 9.95510e-01
3.550032056e+00 6.01903e-11 7.26625e-11 9.99999e-01 9.99999e-01 9.99999e-01 9.72754e-01 7.69717e-01 9.99999e-01 9.94315e-01 9.90277e-01
3.567782216e+00 1.72406e-13 2.15371e-13 9.99999e-01 9.99999e-01 9.99999e-01 9.78812e-01 7.95536e-01 9.99999e-01 9.94427e-01 9.81539e-01
3.585621127e+00 3.54827e-14 4.26426e-14 9.99999e-01 9.99999e-01 9.99999e-01 9.22706e-01 8.61170e-01 9.99999e-01 9.94537e-01 9.84718e-01
3.603549233e+00 6.86918e-19 8.55339e-19 9.99999e-01 9.99999e-01 9.99999e-01 7.76627e-01 8.82087e-01 9.99999e-01 9.94645e-01 9.90371e-01
3.621566979e+00 1.17551e-10 1.79449e-10 9.99999e-01 9.99999e-01 9.99999e-01 6.62920e-01 9.00987e-01 9.99999e-01 9.94750e-01 9.95208e-01
3.639674814e+00 3.62405e-11 6.19183e-11 9.99999e-01 9.99999e-01 9.99999e-01 5.09111e-01 9.35285e-01 9.99999e-01 9.94854e-01 9.95964e-01
3.657873188e+00 3.65315e-09 7.97459e-09 9.99999e-01 9.99999e-01 9.99999e-01 2.79751e-01 9.21571e-01 9.99999e-01 9.94955e-01 9.94838e-01
3.676162554e+00 4.01220e-05 8.04823e-05 9.99999e-01 9.99999e-01 9.99999e-01 4.04312e-01 8.48656e-01 9.99999e-01 9.95054e-01 9.86031e-01
3.694543367e+00 1.17366e-02 2.29503e-02 9.99999e-01 9.99999e-01 9.99999e-01 5.45549e-01 9.03960e-01 9.99999e-01 9.95152e-01 9.71694e-01
3.713016084e+00 1.72871e-02 3.79571e-02 9.99999e-01 9.99999e-01 9.99999e-01 4.92534e-01 9.37233e-01 9.99999e-01 9.95247e-01 9.47779e-01
3.731581164e+00 7.67142e-04 1.23492e-03 9.99999e-01 9.99999e-01 9.99999e-01 6.19713e-01 9.37134e-01 9.99999e-01 9.95341e-01 9.15514e-01
3.750239070e+00 2.01492e-10 2.88958e-10 9.99998e-01 9.99999e-01 9.99999e-01 7.54327e-01 9.32286e-01 9.99999e-01 9.95433e-01 9.03874e-01
3.768990265e+00 3.16734e-28 3.93355e-28 9.99996e-01 9.99999e-01 9.99999e-01 8.54569e-01 9.38410e-01 9.99999e-01 9.95523e-01 9.29440e-01
3.787835216e+00 4.11757e-86 4.77101e-86 9.99995e-01 9.99999e-01 9.99999e-01 9.17953e-01 9.22843e-01 9.99999e-01 9.95611e-01 9.53377e-01
3.806774393e+00 1.05067e-71 1.17863e-71 9.99990e-01 9.99999e-01 9.99999e-01 9.77206e-01 9.03220e-01 9.99999e-01 9.95697e-01 9.60775e-01
3.825808265e+00 6.04787e-68 6.78481e-68 9.99984e-01 9.99999e-01 9.99999e-01 9.94638e-01 9.16311e-01 9.99999e-01 9.95782e-01 9.58228e-01
3.844937306e+00 2.61244e-80 2.94080e-80 9.99973e-01 9.99999e-01 9.99999e-01 9.98543e-01 9.23272e-01 9.99999e-01 9.95865e-01 9.51893e-01
3.864161992e+00 6.56006e-78 7.56713e-78 9.99956e-01 9.99999e-01 9.99999e-01 9.89018e-01 9.11465e-01 9.99999e-01 9.95947e-01 9.37077e-01
3.883482802e+00 2.34451e-30 2.78792e-30 9.99933e-01 9.99999e-01 9.99999e-01 9.72069e-01 9.09542e-01 9.99999e-01 9.96027e-01 9.14548e-01
3.902900216e+00 4.11402e-18 5.10150e-18 9.99904e-01 9.99999e-01 9.99999e-01 9.29562e-01 9.27510e-01 9.99999e-01 9.96105e-01 8.83436e-01
3.922414717e+00 4.74460e-17 9.19982e-17 9.99842e-01 9.99999e-01 9.99999e-01 2.70393e-01 9.23836e-01 9.99999e-01 9.96182e-01 8.49952e-01
3.942026791e+00 6.58305e-23 4.47161e-21 9.99839e-01 9.99999e-01 9.99999e-01 1.25165e-03 9.30139e-01 9.99999e-01 9.96257e-01 8.26283e-01
3.961736925e+00 1.21848e-43 4.17311e-34 9.99721e-01 9.99999e-01 9.99999e-01 1.15018e-11 9.38840e-01 9.99999e-01 9.96331e-01 7.98029e-01
3.981545610e+00 8.98504e-134 2.61844e-57 9.99681e-01 9.99999e-01 9.99999e-01 1.44350e-78 9.34644e-01 9.99999e-01 9.96403e-01 7.55400e-01
4.001453338e+00 3.41962e-157 5.37533e-94 9.99666e-01 9.99999e-01 9.99999e-01 3.87839e-65 9.36149e-01 9.99999e-01 9.96474e-01 6.98686e-01
4.021460604e+00 0.00000e+00 0.00000e+00 9.99572e-01 9.99999e-01 9.99999e-01 2.60873e-94 9.31876e-01 9.99999e-01 9.96544e-01 6.37434e-01
4.041567907e+00 0.00000e+00 0.00000e+00 9.99422e-01 9.99999e-01 9.99999e-01 4.16523e-71 9.19502e-01 9.99999e-01 9.96612e-01 5.76057e-01
4.061775747e+00 0.00000e+00 0.00000e+00 9.99258e-01 9.99999e-01 9.99999e-01 3.54237e-46 9.36153e-01 9.99999e-01 9.96678e-01 5.18259e-01
4.082084626e+00 0.00000e+00 0.00000e+00 9.99187e-01 9.99999e-01 9.99999e-01 2.95461e-17 8.97178e-01 9.99999e-01 9.96744e-01 4.68213e-01
4.102495049e+00 0.00000e+00 0.00000e+00 9.99360e-01 9.99999e-01 9.99999e-01 2.69099e-06 8.54359e-01 9.99999e-01 9.96808e-01 4.29573e-01
4.123007524e+00 0.00000e+00 0.00000e+00 9.99423e-01 9.99999e-01 9.99999e-01 9.23299e-02 7.82162e-01 9.99999e-01 9.96871e-01 4.03179e-01
4.143622562e+00 0.00000e+00 0.00000e+00 9.99317e-01 9.99999e-01 9.99999e-01 6.71217e-01 7.47535e-01 9.99999e-01 9.96933e-01 3.89504e-01
4.164340674e+00 0.00000e+00 0.00000e+00 9.99369e-01 9.99999e-01 9.99999e-01 9.81158e-01 6.27056e-01 9.99999e-01 9.96993e-01 3.87372e-01
4.185162378e+00 0.00000e+00 0.00000e+00 9.99259e-01 9.99999e-01 9.99999e-01 9.45638e-01 5.30036e-01 9.99999e-01 9.97053e-01 3.94760e-01
4.206088190e+00 0.00000e+00 0.00000e+00 9.99448e-01 9.99999e-01 9.99999e-01 5.09880e-01 3.90041e-01 9.99999e-01 9.97111e-01 4.01849e-01
4.227118631e+00 0.00000e+00 0.00000e+00 9.99649e-01 9.99999e-01 9.99999e-01 1.48111e-01 3.31544e-01 9.99999e-01 9.97168e-01 3.93337e-01
4.248254224e+00 0.00000e+00 0.00000e+00 9.99701e-01 9.99999e-01 9.99999e-01 2.82413e-02 2.37771e-01 9.99999e-01 9.97223e-01 3.63343e-01
4.269495495e+00 0.00000e+00 0.00000e+00 9.99758e-01 9.99999e-01 9.99999e-01 3.28567e-03 1.71570e-01 9.99999e-01 9.97278e-01 2.97195e-01
4.290842972e+00 0.00000e+00 0.00000e+00 9.96523e-01 9.99945e-01 9.99999e-01 4.67203e-04 1.09856e-01 9.99999e-01 9.97332e-01 2.56209e-01
4.312297187e+00 0.00000e+00 0.00000e+00 9.98601e-01 9.97777e-01 9.99999e-01 4.09498e-05 1.17008e-01 9.99999e-01 9.97384e-01 2.85750e-01
4.333858673e+00 0.00000e+00 0.00000e+00 9.99700e-01 9.59915e-01 9.99999e-01 2.65709e-06 8.61987e-02 9.99999e-01 9.97436e-01 3.70762e-01
4.355527967e+00 0.00000e+00 0.00000e+00 9.99669e-01 6.70419e-01 9.99999e-01 1.24316e-04 5.53884e-02 9.99999e-01 9.97487e-01 4.47222e-01
4.377305606e+00 0.00000e+00 0.00000e+00 9.99665e-01 1.11008e-01 9.99999e-01 5.24894e-05 6.35180e-02 9.99999e-01 9.97536e-01 4.91208e-01
4.399192134e+00 0.00000e+00 0.00000e+00 9.99652e-01 7.28838e-04 9.99999e-01 1.19832e-05 3.81225e-02 9.99999e-01 9.97585e-01 5.17143e-01
4.421188095e+00 0.00000e+00 0.00000e+00 9.99660e-01 1.56782e-08 9.99999e-01 1.42374e-04 3.59908e-02 9.99999e-01 9.97632e-01 5.35855e-01
4.443294036e+00 0.00000e+00 0.00000e+00 9.99607e-01 5.81182e-28 9.99999e-01 2.30415e-03 3.06901e-02 9.99999e-01 9.97679e-01 5.56868e-01
4.465510506e+00 0.00000e+00 0.00000e+00 9.99525e-01 4.68335e-52 9.99999e-01 2.01300e-02 5.41357e-02 9.99999e-01 9.97725e-01 5.83402e-01
4.487838058e+00 0.00000e+00 0.00000e+00 9.99723e-01 1.26373e-120 9.99999e-01 9.27063e-02 3.08269e-02 9.99999e-01 9.97770e-01 6.15068e-01
4.510277249e+00 0.00000e+00 0.00000e+00 9.99702e-01 2.62193e-189 9.99999e-01 3.50746e-01 4.43932e-02 9.99999e-01 9.97814e-01 6.52232e-01
4.532828635e+00 0.00000e+00 0.00000e+00 9.99720e-01 2.34544e-310 9.99999e-01 7.38829e-01 1.01463e-02 9.99999e-01 9.97857e-01 6.92814e-01
4.555492778e+00 0.00000e+00 0.00000e+00 9.99785e-01 0.00000e+00 9.99999e-01 9.68935e-01 7.73271e-02 9.99999e-01 9.97899e-01 7.34246e-01
4.578270242e+00 0.00000e+00 0.00000e+00 9.99757e-01 0.00000e+00 9.99999e-01 9.96262e-01 2.27550e-02 9.99999e-01 9.97941e-01 7.74903e-01
4.601161593e+00 0.00000e+00 0.00000e+00 9.99796e-01 0.00000e+00 9.99999e-01 9.78585e-01 7.00543e-02 9.99999e-01 9.97981e-01 8.13235e-01
4.624167401e+00 0.00000e+00 0.00000e+00 9.99874e-01 4.09725e-218 9.99999e-01 9.99999e-01 2.73646e-03 9.99999e-01 9.98021e-01 8.47653e-01
4.647288238e+00 0.00000e+00 0.00000e+00 9.99870e-01 1.04246e-74 9.99999e-01 9.99999e-01 6.67695e-03 9.99999e-01 9.98060e-01 8.77139e-01
4.670524679e+00 0.00000e+00 0.00000e+00 9.99916e-01 5.66140e-74 9.99999e-01 9.99999e-01 4.52371e-04 9.99999e-01 9.98098e-01 9.01494e-01
4.693877303e+00 0.00000e+00 0.00000e+00 9.99928e-01 3.89926e-105 9.99999e-01 9.99999e-01 2.15823e-03 9.99999e-01 9.98136e-01 9.21485e-01
4.717346689e+00 0.00000e+00 0.00000e+00 9.99935e-01 7.44925e-214 9.99999e-01 9.99999e-01 7.05293e-04 9.99999e-01 9.98173e-01 9.37163e-01
4.740933423e+00 0.00000e+00 0.00000e+00 9.99958e-01 4.55185e-266 9.99999e-01 9.99999e-01 9.24972e-04 9.99999e-01 9.98209e-01 9.48881e-01
4.764638090e+00 0.00000e+00 0.00000e+00 9.99953e-01 7.26513e-281 9.99999e-01 9.99999e-01 6.94284e-04 9.99999e-01 9.98244e-01 9.57898e-01
4.788461280e+00 0.00000e+00 0.00000e+00 9.99978e-01 3.60401e-235 9.99999e-01 9.99999e-01 8.81290e-06 9.99999e-01 9.98279e-01 9.64373e-01
4.812403587e+00 0.00000e+00 0.00000e+00 9.99978e-01 7.26021e-209 9.99999e-01 9.99999e-01 3.37920e-05 9.99999e-01 9.98313e-01 9.69182e-01
4.836465604e+00 0.00000e+00 0.00000e+00 9.99979e-01 4.48345e-163 9.99999e-01 9.99999e-01 1.34003e-05 9.99999e-01 9.98346e-01 9.71953e-01
4.860647933e+00 0.00000e+00 0.00000e+00 9.99989e-01 8.99478e-127 9.99999e-01 9.99999e-01 1.06040e-04 9.99999e-01 9.98378e-01 9.73279e-01
4.884951172e+00 0.00000e+00 0.00000e+00 9.99989e-01 8.68877e-83 9.99999e-01 9.99999e-01 1.24986e-05 9.99999e-01 9.98410e-01 9.73035e-01
4.909375928e+00 0.00000e+00 0.00000e+00 9.99994e-01 4.33364e-65 9.99999e-01 9.99999e-01 8.14955e-07 9.99999e-01 9.98442e-01 9.71757e-01
4.933922808e+00 0.00000e+00 0.00000e+00 9.99994e-01 1.00363e-42 9.99999e-01 9.99999e-01 5.99850e-07 9.99999e-01 9.98473e-01 9.69351e-01
4.958592422e+00 0.00000e+00 0.00000e+00 9.99996e-01 2.06623e-28 9.99999e-01 9.99999e-01 3.72284e-10 9.99999e-01 9.98503e-01 9.65284e-01
4.983385384e+00 0.00000e+00 0.00000e+00 9.99997e-01 7.76838e-19 9.99999e-01 9.99999e-01 3.28438e-08 9.99999e-01 9.98532e-01 9.61187e-01
5.008302311e+00 0.00000e+00 0.00000e+00 9.99998e-01 9.96575e-13 9.99999e-01 9.99999e-01 1.96110e-10 9.99999e-01 9.98561e-01 9.56242e-01
5.033343822e+00 0.00000e+00 0.00000e+00 9.99998e-01 8.88838e-09 9.99999e-01 9.99999e-01 9.03617e-10 9.99999e-01 9.98590e-01 9.49249e-01
5.058510541e+00 0.00000e+00 0.00000e+00 9.99998e-01 1.34943e-05 9.99999e-01 9.99999e-01 5.48128e-09 9.99999e-01 9.98617e-01 9.40179e-01
5.083803094e+00 0.00000e+00 0.00000e+00 9.99999e-01 6.75559e-04 9.99999e-01 9.99999e-01 4.72710e-11 9.99999e-01 9.98645e-01 9.27681e-01
5.109222110e+00 0.00000e+00 0.00000e+00 9.99999e-01 1.25808e-02 9.99999e-01 9.99999e-01 7.72291e-15 9.99999e-01 9.98671e-01 9.14980e-01
5.134768220e+00 0.00000e+00 0.00000e+00 9.99999e-01 7.20974e-02 9.99999e-01 9.99999e-01 1.87178e-15 9.99999e-01 9.98698e-01 8.96110e-01
5.160442061e+00 0.00000e+00 0.00000e+00 9.99999e-01 1.86584e-01 9.99999e-01 9.99609e-01 7.05995e-23 9.99999e-01 9.98723e-01 8.75053e-01
5.186244272e+00 0.00000e+00 0.00000e+00 9.99999e-01 4.16040e-01 9.99999e-01 9.84402e-01 3.27968e-20 9.99999e-01 9.98748e-01 8.55765e-01
5.212175493e+00 0.00000e+00 0.00000e+00 9.99999e-01 6.04370e-01 9.99999e-01 9.17486e-01 3.00918e-37 9.99999e-01 9.98773e-01 8.29023e-01
5.238236370e+00 0.00000e+00 0.00000e+00 9.99999e-01 7.61055e-01 9.99999e-01 5.35683e-01 2.51143e-26 9.99999e-01 9.98797e-01 7.96948e-01
5.264427552e+00 0.00000e+00 0.00000e+00 9.99999e-01 8.74129e-01 9.99999e-01 1.60508e-01 5.25932e-27 9.99999e-01 9.98821e-01 7.54496e-01
5.290749690e+00 0.00000e+00 0.00000e+00 9.99999e-01 9.39686e-01 9.99999e-01 7.25524e-02 3.64412e-31 9.99999e-01 9.98844e-01 7.02402e-01
5.317203438e+00 0.00000e+00 0.00000e+00 9.99999e-01 9.67859e-01 9.99999e-01 8.78263e-02 6.48968e-31 9.99999e-01 9.98867e-01 6.51242e-01
5.343789456e+00 0.00000e+00 0.00000e+00 9.99999e-01 9.89581e-01 9.99999e-01 1.47420e-01 2.64275e-34 9.99999e-01 9.98889e-01 5.77479e-01
5.370508403e+00 0.00000e+00 0.00000e+00 9.99999e-01 9.99025e-01 9.99999e-01 5.96858e-02 3.58310e-39 9.99999e-01 9.98911e-01 5.13670e-01
5.397360945e+00 0.00000e+00 0.00000e+00 9.99999e-01 9.98055e-01 9.99999e-01 6.22583e-02 2.88137e-37 9.99999e-01 9.98933e-01 4.49806e-01
5.424347750e+00 0.00000e+00 0.00000e+00 9.99999e-01 9.82433e-01 9.99999e-01 1.63794e-01 2.39739e-74 9.99999e-01 9.98954e-01 3.94775e-01
5.451469488e+00 0.00000e+00 0.00000e+00 9.99999e-01 9.99999e-01 9.99999e-01 4.89654e-01 1.29650e-71 9.99999e-01 9.98974e-01 3.38726e-01
5.478726836e+00 0.00000e+00 0.00000e+00 9.99999e-01 9.99999e-01 9.99999e-01 8.55293e-01 7.47230e-76 9.99999e-01 9.98995e-01 2.76338e-01
5.506120470e+00 8.17521e-314 5.78024e-246 9.99999e-01 9.99999e-01 9.99999e-01 9.72980e-01 2.36707e-69 9.99999e-01 9.99015e-01 2.17794e-01
5.533651072e+00 1.84162e-233 1.05475e-153 9.99999e-01 9.99999e-01 9.99999e-01 9.96379e-01 3.14804e-81 9.99999e-01 9.99034e-01 1.67057e-01
5.561319328e+00 1.11919e-203 1.46953e-88 9.99999e-01 9.99999e-01 9.99999e-01 9.99230e-01 1.96899e-116 9.99999e-01 9.99053e-01 1.16201e-01
5.589125924e+00 1.18097e-192 1.72031e-59 9.99999e-01 9.99999e-01 9.99999e-01 9.96650e-01 2.94354e-134 9.99999e-01 9.99072e-01 8.12288e-02
5.617071554e+00 2.61680e-162 2.93702e-37 9.99999e-01 9.99999e-01 9.99999e-01 9.75399e-01 5.53100e-126 9.99999e-01 9.99090e-01 5.48795e-02
5.645156912e+00 3.31758e-163 2.92412e-32 9.99999e-01 9.99999e-01 9.99999e-01 9.31179e-01 1.15068e-131 9.99999e-01 9.99108e-01 3.50178e-02
5.673382696e+00 5.29035e-166 1.57039e-24 9.99999e-01 9.99999e-01 9.99999e-01 8.85287e-01 5.46698e-142 9.99999e-01 9.99126e-01 2.08904e-02
5.701749610e+00 6.70799e-183 1.30583e-23 9.99999e-01 9.99999e-01 9.99999e-01 8.43055e-01 1.07305e-158 9.99999e-01 9.99143e-01 1.18505e-02
5.730258358e+00 7.93488e-200 2.52009e-25 9.99999e-01 9.99999e-01 9.99999e-01 7.85711e-01 2.18773e-174 9.99999e-01 9.99160e-01 6.01253e-03
5.758909650e+00 7.55910e-206 4.31608e-28 9.99999e-01 9.99999e-01 9.99999e-01 7.28959e-01 9.36928e-177 9.99999e-01 9.99176e-01 2.66128e-03
5.787704198e+00 5.36419e-154 4.01166e-19 9.99999e-01 9.99999e-01 9.99999e-01 6.81687e-01 8.33459e-134 9.99999e-01 9.99193e-01 1.01999e-03
5.816642719e+00 1.82407e-180 1.09474e-11 9.99999e-01 9.99999e-01 9.99999e-01 6.50335e-01 3.11212e-167 9.99999e-01 9.99208e-01 3.34146e-04
5.845725932e+00 8.84645e-170 4.74765e-11 9.99999e-01 9.99999e-01 9.99999e-01 6.41784e-01 3.91452e-156 9.99999e-01 9.99224e-01 1.08712e-04
5.874954562e+00 3.79607e-227 3.19615e-16 9.99999e-01 9.99999e-01 9.99999e-01 5.83461e-01 2.70924e-208 9.99999e-01 9.99239e-01 3.82290e-05
5.904329335e+00 3.22579e-216 1.08305e-15 9.99999e-01 9.99999e-01 9.99999e-01 4.00792e-01 1.67232e-197 9.99999e-01 9.99254e-01 1.31187e-05
5.933850982e+00 2.23795e-217 4.63875e-10 9.99999e-01 9.99999e-01 9.99999e-01 3.89292e-01 7.87534e-204 9.99999e-01 9.99269e-01 4.35662e-06
5.963520237e+00 8.36356e-177 6.81905e-04 9.99999e-01 9.99999e-01 9.99999e-01 5.46703e-01 1.55404e-168 9.99999e-01 9.99283e-01 1.39270e-06
5.993337838e+00 5.81612e-136 9.28619e-03 9.99999e-01 9.99999e-01 9.99999e-01 7.54684e-01 3.82358e-128 9.99999e-01 9.99298e-01 4.66622e-07
6.023304527e+00 3.83685e-136 4.41043e-02 9.99999e-01 9.99999e-01 9.99999e-01 8.09475e-01 4.36960e-128 9.99999e-01 9.99311e-01 1.63357e-07
6.053421050e+00 9.65412e-161 3.35467e-02 9.99999e-01 9.99999e-01 9.99999e-01 8.31470e-01 3.29468e-152 9.99999e-01 9.99325e-01 4.98077e-08
6.083688155e+00 5.53030e-122 5.43631e-03 9.99999e-01 9.99999e-01 9.99999e-01 8.93017e-01 2.46168e-112 9.99999e-01 9.99338e-01 1.04670e-08
6.114106596e+00 4.84667e-88 4.39831e-04 9.99999e-01 9.99999e-01 9.99999e-01 9.29752e-01 1.07679e-76 9.99999e-01 9.99351e-01 1.52829e-09
6.144677129e+00 3.77765e-87 2.98041e-05 9.99999e-01 9.99999e-01 9.99999e-01 9.73035e-01 2.17489e-73 9.99999e-01 9.99364e-01 1.16218e-10
6.175400514e+00 5.38704e-71 6.84089e-07 9.99999e-01 9.99999e-01 9.99999e-01 9.95958e-01 1.10439e-54 9.99999e-01 9.99377e-01 3.49071e-12
6.206277517e+00 5.74077e-56 4.61520e-08 9.99999e-01 9.99999e-01 9.99999e-01 9.98775e-01 1.51249e-35 9.99999e-01 9.99389e-01 2.37350e-14
6.237308904e+00 1.08305e-42 4.61812e-06 9.99999e-01 9.99999e-01 9.99999e-01 9.87730e-01 9.73775e-22 9.99999e-01 9.99401e-01 2.30566e-17
6.268495449e+00 2.07901e-44 3.11925e-04 9.99999e-01 9.99999e-01 9.99999e-01 9.84273e-01 1.36435e-20 9.99999e-01 9.99413e-01 2.18163e-21
6.299837926e+00 1.26082e-49 1.16081e-04 9.99999e-01 9.99999e-01 9.99999e-01 9.99888e-01 2.26203e-20 9.99999e-01 9.99424e-01 1.17211e-26
6.331337116e+00 1.04764e-68 3.41994e-07 9.99999e-01 9.99999e-01 9.99999e-01 9.99670e-01 9.86152e-31 9.99999e-01 9.99436e-01 1.92134e-33
6.362993801e+00 5.27256e-129 6.28219e-10 9.99999e-01 9.99999e-01 9.99999e-01 9.96603e-01 1.13408e-79 9.99999e-01 9.99447e-01 5.17150e-42
6.394808770e+00 2.50440e-181 4.83618e-07 9.99999e-01 9.99999e-01 9.99999e-01 9.94954e-01 3.54359e-124 9.99999e-01 9.99458e-01 1.15547e-52
6.426782814e+00 7.88690e-273 2.00871e-02 9.99999e-01 9.99999e-01 9.99999e-01 9.97161e-01 4.81465e-208 9.99999e-01 9.99468e-01 9.16552e-65
6.458916728e+00 0.00000e+00 2.80435e-01 9.99999e-01 9.99999e-01 9.99999e-01 9.96852e-01 8.64430e-296 9.99999e-01 9.99479e-01 3.14286e-83
6.491211312e+00 0.00000e+00 5.19805e-01 9.99999e-01 9.99999e-01 9.99999e-01 9.95298e-01 3.69067e-321 9.99999e-01 9.99489e-01 4.73823e-108
6.523667368e+00 0.00000e+00 6.05766e-01 9.99999e-01 9.99999e-01 9.99999e-01 9.96439e-01 3.14382e-308 9.99999e-01 9.99499e-01 1.06024e-132
6.556285705e+00 0.00000e+00 5.51547e-01 9.99999e-01 9.99999e-01 9.99999e-01 9.93302e-01 3.12520e-308 9.99999e-01 9.99509e-01 2.98907e-165
6.589067134e+00 0.00000e+00 5.08449e-01 9.99999e-01 9.99999e-01 9.99999e-01 9.70778e-01 0.00000e+00 9.99999e-01 9.99519e-01 6.33149e-207
6.622012469e+00 0.00000e+00 5.58333e-01 9.99999e-01 9.99999e-01 9.99999e-01 9.03012e-01 0.00000e+00 9.99999e-01 9.99528e-01 1.42737e-254
6.655122532e+00 0.00000e+00 7.00777e-01 9.99999e-01 9.99999e-01 9.99999e-01 8.41983e-01 7.30108e-281 9.99999e-01 9.99538e-01 1.08851e-313
6.688398144e+00 0.00000e+00 7.23952e-01 9.99999e-01 9.99999e-01 9.99999e-01 7.65138e-01 2.06043e-231 9.99999e-01 9.99547e-01 0.00000e+00
6.721840135e+00 0.00000e+00 5.52761e-01 9.99999e-01 9.99999e-01 9.99999e-01 6.89222e-01 3.38334e-170 9.99999e-01 9.99556e-01 0.00000e+00
6.755449336e+00 0.00000e+00 3.92775e-01 9.99999e-01 9.99999e-01 9.99999e-01 5.78049e-01 2.15228e-163 9.99999e-01 9.99564e-01 0.00000e+00
6.789226583e+00 0.00000e+00 2.77922e-01 9.99999e-01 9.99999e-01 9.99999e-01 4.51508e-01 2.06437e-202 9.99999e-01 9.99573e-01 0.00000e+00
6.823172715e+00 0.00000e+00 1.03696e-01 9.99999e-01 9.99999e-01 9.99999e-01 3.17578e-01 2.93936e-185 9.99999e-01 9.99581e-01 0.00000e+00
6.857288579e+00 0.00000e+00 6.11420e-03 9.99999e-01 9.99999e-01 9.99999e-01 2.01227e-01 6.10122e-191 9.99999e-01 9.99590e-01 0.00000e+00
6.891575022e+00 0.00000e+00 1.48620e-06 9.99999e-01 9.99999e-01 9.99999e-01 1.09734e-01 2.77887e-150 9.99999e-01 9.99598e-01 0.00000e+00
6.926032897e+00 0.00000e+00 3.56160e-17 9.99999e-01 9.99999e-01 9.99999e-01 6.28625e-02 1.77828e-124 9.99999e-01 9.99606e-01 0.00000e+00
6.960663062e+00 0.00000e+00 1.44500e-28 9.99999e-01 9.99999e-01 9.99999e-01 2.69010e-02 4.26505e-129 9.99999e-01 9.99613e-01 0.00000e+00
6.995466377e+00 0.00000e+00 8.65566e-50 9.99999e-01 9.99999e-01 9.99999e-01 2.09759e-03 9.55122e-134 9.99999e-01 9.99621e-01 0.00000e+00
7.030443709e+00 0.00000e+00 2.42810e-67 9.99999e-01 9.99999e-01 9.99999e-01 2.13124e-06 7.04865e-134 9.99999e-01 9.99629e-01 0.00000e+00
7.065595927e+00 0.00000e+00 9.76222e-97 9.99999e-01 9.99999e-01 9.99999e-01 1.79812e-24 1.15332e-136 9.99999e-01 9.99636e-01 0.00000e+00
7.100923907e+00 0.00000e+00 7.70153e-118 9.99999e-01 9.99999e-01 9.99999e-01 1.66194e-67 5.64212e-109 9.99999e-01 9.99643e-01 0.00000e+00
7.136428526e+00 0.00000e+00 9.89900e-146 9.99999e-01 9.99999e-01 9.99999e-01 0.00000e+00 1.20201e-112 9.99999e-01 9.99650e-01 0.00000e+00
7.172110669e+00 0.00000e+00 6.89377e-161 9.99999e-01 9.99999e-01 9.99999e-01 0.00000e+00 3.12697e-152 9.99999e-01 9.99657e-01 0.00000e+00
7.207971222e+00 0.00000e+00 2.08224e-174 9.99999e-01 9.99999e-01 9.99999e-01 0.00000e+00 1.49900e-127 9.99999e-01 9.99664e-01 0.00000e+00
7.244011079e+00 0.00000e+00 1.17667e-182 9.99999e-01 9.99999e-01 9.99999e-01 0.00000e+00 7.51416e-111 9.99999e-01 9.99670e-01 0.00000e+00
7.280231134e+00 0.00000e+00 8.10220e-160 9.99999e-01 9.99999e-01 9.99999e-01 0.00000e+00 9.24398e-125 9.99999e-01 9.99677e-01 0.00000e+00
7.316632290e+00 0.00000e+00 3.00406e-134 9.99999e-01 9.99999e-01 9.99999e-01 0.00000e+00 5.75012e-109 9.99999e-01 9.99683e-01 0.00000e+00
7.353215451e+00 0.00000e+00 8.75292e-138 9.99999e-01 9.99999e-01 9.99999e-01 0.00000e+00 1.51680e-102 9.99999e-01 9.99689e-01 0.00000e+00
7.389981528e+00 0.00000e+00 1.01716e-151 9.99999e-01 9.99999e-01 9.99999e-01 0.00000e+00 6.83340e-64 9.99999e-01 9.99696e-01 0.00000e+00
7.426931436e+00 0.00000e+00 7.92923e-136 9.99999e-01 9.99999e-01 9.99999e-01 0.00000e+00 7.46586e-67 9.99999e-01 9.99701e-01 0.00000e+00
7.464066093e+00 0.00000e+00 2.09346e-94 9.99999e-01 9.99999e-01 9.99999e-01 0.00000e+00 5.22349e-85 9.99999e-01 9.99707e-01 0.00000e+00
7.501386424e+00 0.00000e+00 1.05869e-67 9.99999e-01 9.99999e-01 9.99999e-01 0.00000e+00 3.49237e-56 9.99999e-01 9.99713e-01 0.00000e+00
7.538893356e+00 0.00000e+00 6.86396e-39 9.99999e-01 9.99999e-01 9.99999e-01 0.00000e+00 2.56568e-56 9.99999e-01 9.99719e-01 0.00000e+00
7.576587822e+00 0.00000e+00 1.57981e-29 9.99999e-01 9.99999e-01 9.99999e-01 0.00000e+00 4.00297e-70 9.99999e-01 9.99724e-01 0.00000e+00
7.614470762e+00 0.00000e+00 1.14561e-26 9.99999e-01 9.99999e-01 9.99999e-01 0.00000e+00 3.99350e-61 9.99999e-01 9.99730e-01 0.00000e+00
7.652543115e+00 0.00000e+00 8.49902e-28 9.99999e-01 9.99999e-01 9.99999e-01 0.00000e+00 2.69979e-47 9.99999e-01 9.99735e-01 0.00000e+00
7.690805831e+00 0.00000e+00 2.58252e-34 9.99999e-01 9.99999e-01 9.99999e-01 1.71926e-180 3.08483e-46 9.99999e-01 9.99740e-01 0.00000e+00
7.729259860e+00 0.00000e+00 2.22457e-57 9.99999e-01 9.99999e-01 9.99999e-01 1.78923e-72 2.71703e-46 9.99999e-01 9.99745e-01 0.00000e+00
7.767906159e+00 0.00000e+00 6.05575e-81 9.99999e-01 9.99999e-01 9.99999e-01 5.30658e-20 5.55346e-42 9.99999e-01 9.99750e-01 0.00000e+00
7.806745690e+00 0.00000e+00 4.14219e-116 9.99999e-01 9.99999e-01 9.99999e-01 3.03994e-11 8.46684e-35 9.99999e-01 9.99755e-01 0.00000e+00
7.845779419e+00 0.00000e+00 1.27588e-133 9.99999e-01 9.99999e-01 9.99999e-01 3.66626e-08 4.52300e-36 9.99999e-01 9.99760e-01 0.00000e+00
7.885008316e+00 0.00000e+00 7.63565e-120 9.99999e-01 9.99999e-01 9.99999e-01 6.87900e-09 1.15974e-27 9.99999e-01 9.99765e-01 0.00000e+00
7.924433357e+00 0.00000e+00 1.83757e-100 9.99999e-01 9.99999e-01 9.99999e-01 2.50377e-11 9.89808e-19 9.99999e-01 9.99769e-01 0.00000e+00
7.964055524e+00 0.00000e+00 4.51959e-101 9.99999e-01 9.99999e-01 9.99999e-01 4.28444e-17 4.31839e-14 9.99999e-01 9.99774e-01 0.00000e+00
8.003875802e+00 0.00000e+00 6.12580e-122 9.99999e-01 9.99999e-01 9.99999e-01 6.38165e-24 2.92711e-15 9.99999e-01 9.99778e-01 0.00000e+00
8.043895181e+00 0.00000e+00 2.21332e-139 9.99999e-01 9.99999e-01 9.99999e-01 1.40634e-36 1.85005e-12 9.99999e-01 9.99783e-01 0.00000e+00
8.084114657e+00 0.00000e+00 5.09757e-136 9.99999e-01 9.99999e-01 9.99999e-01 7.45868e-47 4.68029e-11 9.99999e-01 9.99787e-01 0.00000e+00
8.124535230e+00 0.00000e+00 1.23636e-130 9.99999e-01 9.99999e-01 9.99999e-01 1.13938e-65 1.05522e-13 9.99999e-01 9.99791e-01 0.00000e+00
8.165157906e+00 0.00000e+00 7.96044e-110 9.99999e-01 9.99999e-01 9.99999e-01 3.63531e-82 1.41238e-11 9.99999e-01 9.99795e-01 0.00000e+00
8.205983696e+00 0.00000e+00 3.77819e-94 9.99999e-01 9.99999e-01 9.99999e-01 2.64975e-112 8.70907e-09 9.99999e-01 9.99799e-01 0.00000e+00
8.247013614e+00 0.00000e+00 4.81789e-70 9.99999e-01 9.99999e-01 9.99999e-01 6.28475e-131 7.93243e-06 9.99999e-01 9.99803e-01 0.00000e+00
8.288248682e+00 0.00000e+00 3.81543e-58 9.99999e-01 9.99999e-01 9.99999e-01 1.22039e-165 1.71675e-04 9.99999e-01 9.99807e-01 1.49010e-305
8.329689926e+00 0.00000e+00 1.77976e-52 9.99999e-01 9.99999e-01 9.99999e-01 1.73248e-185 4.72681e-05 9.99999e-01 9.99811e-01 4.04427e-230
8.371338375e+00 0.00000e+00 6.74357e-47 9.99999e-01 9.99999e-01 9.99999e-01 6.99973e-223 1.10552e-04 9.99999e-01 9.99815e-01 7.93700e-174
8.413195067e+00 0.00000e+00 9.96944e-36 9.99999e-01 9.99999e-01 9.99999e-01 6.97701e-255 3.25702e-04 9.99999e-01 9.99818e-01 5.19958e-132
8.455261042e+00 0.00000e+00 1.53802e-26 9.99999e-01 9.99999e-01 9.99999e-01 3.11261e-322 1.81455e-05 9.99999e-01 9.99822e-01 1.03503e-99
8.497537348e+00 0.00000e+00 4.71629e-13 9.99999e-01 9.99999e-01 9.99999e-01 0.00000e+00 5.41029e-06 9.99999e-01 9.99825e-01 8.14572e-75
8.540025034e+00 0.00000e+00 1.16404e-07 9.99999e-01 9.99999e-01 9.99999e-01 0.00000e+00 7.01283e-04 9.99999e-01 9.99829e-01 2.61720e-53
8.582725160e+00 0.00000e+00 3.88919e-06 9.99999e-01 9.99999e-01 9.99999e-01 0.00000e+00 7.47167e-03 9.99999e-01 9.99832e-01 4.68824e-42
8.625638785e+00 0.00000e+00 1.78619e-07 9.99999e-01 9.99999e-01 9.99999e-01 0.00000e+00 4.17492e-02 9.99999e-01 9.99835e-01 2.68367e-32
8.668766979e+00 2.96136e-283 1.01860e-09 9.99999e-01 9.99999e-01 9.99999e-01 3.04746e-250 7.01584e-03 9.99999e-01 9.99839e-01 1.01463e-24
8.712110814e+00 1.94527e-279 2.95653e-11 9.99999e-01 9.99999e-01 9.99999e-01 1.56005e-249 7.23652e-03 9.99999e-01 9.99842e-01 6.84649e-19
8.755671368e+00 5.66703e-296 3.75389e-12 9.99999e-01 9.99999e-01 9.99999e-01 1.19820e-269 4.98742e-03 9.99999e-01 9.99845e-01 9.50690e-15
8.799449725e+00 0.00000e+00 1.00102e-24 9.99999e-01 9.99999e-01 9.99999e-01 0.00000e+00 1.88919e-03 9.99999e-01 9.99848e-01 1.49927e-11
8.843446974e+00 0.00000e+00 1.75396e-99 9.99999e-01 9.99999e-01 9.99999e-01 0.00000e+00 7.77315e-02 9.99999e-01 9.99851e-01 7.25850e-09
8.887664209e+00 0.00000e+00 0.00000e+00 9.99999e-01 9.99999e-01 9.99999e-01 0.00000e+00 1.53652e-01 9.99999e-01 9.99854e-01 5.57036e-07
8.932102530e+00 0.00000e+00 0.00000e+00 9.99999e-01 9.99999e-01 9.99999e-01 0.00000e+00 3.97611e-02 9.99999e-01 9.99857e-01 1.54012e-05
8.976763042e+00 0.00000e+00 0.00000e+00 9.99999e-01 9.99999e-01 9.99999e-01 6.02307e-307 3.33777e-02 9.99999e-01 9.99860e-01 2.02813e-04
9.021646857e+00 0.00000e+00 0.00000e+00 9.99999e-01 9.99999e-01 9.99999e-01 7.58786e-250 1.40302e-02 9.99999e-01 9.99862e-01 1.44746e-03
9.066755092e+00 0.00000e+00 0.00000e+00 9.99999e-01 9.99999e-01 9.99999e-01 4.14366e-220 3.38212e-02 9.99999e-01 9.99865e-01 6.64014e-03
9.112088867e+00 0.00000e+00 0.00000e+00 9.99999e-01 9.99999e-01 9.99999e-01 3.36459e-178 8.25095e-02 9.99999e-01 9.99868e-01 2.11963e-02
9.157649312e+00 0.00000e+00 0.00000e+00 9.99999e-01 9.99999e-01 9.99999e-01 1.31434e-154 3.89672e-02 9.99999e-01 9.99870e-01 5.20608e-02
9.203437558e+00 0.00000e+00 0.00000e+00 9.99999e-01 9.99999e-01 9.99999e-01 4.59725e-123 2.22014e-01 9.99999e-01 9.99873e-01 1.03203e-01
9.249454746e+00 0.00000e+00 0.00000e+00 9.99999e-01 9.99999e-01 9.99999e-01 2.20368e-105 2.28273e-01 9.99999e-01 9.99875e-01 1.75244e-01
9.295702020e+00 0.00000e+00 0.00000e+00 9.99999e-01 9.99999e-01 9.99999e-01 3.79848e-80 1.15776e-01 9.99999e-01 9.99878e-01 2.54269e-01
9.342180530e+00 0.00000e+00 0.00000e+00 9.99999e-01 9.99999e-01 9.99999e-01 2.65854e-66 1.30228e-01 9.99999e-01 9.99880e-01 3.49130e-01
9.388891432e+00 0.00000e+00 0.00000e+00 9.99999e-01 9.99999e-01 9.99999e-01 7.01006e-49 1.98715e-02 9.99999e-01 9.99883e-01 4.46188e-01
9.435835890e+00 0.00000e+00 0.00000e+00 9.99999e-01 9.99999e-01 9.99999e-01 3.97967e-39 2.47992e-02 9.99999e-01 9.99885e-01 5.30099e-01
9.483015069e+00 0.00000e+00 0.00000e+00 9.99999e-01 9.99999e-01 9.99999e-01 1.04996e-26 1.87247e-01 9.99999e-01 9.99887e-01 6.13894e-01
9.530430144e+00 0.00000e+00 0.00000e+00 9.99999e-01 9.99999e-01 9.99999e-01 3.94669e-21 3.30697e-01 9.99999e-01 9.99889e-01 6.87821e-01
9.578082295e+00 0.00000e+00 0.00000e+00 9.99999e-01 9.99999e-01 9.99999e-01 1.17012e-14 1.83831e-01 9.99999e-01 9.99891e-01 7.45002e-01
9.625972707e+00 0.00000e+00 0.00000e+00 9.99999e-01 9.99999e-01 9.99999e-01 1.21915e-10 8.62717e-02 9.99999e-01 9.99894e-01 7.93264e-01
9.674102570e+00 0.00000e+00 0.00000e+00 9.99999e-01 9.99999e-01 9.99999e-01 2.93695e-07 1.26968e-01 9.99999e-01 9.99896e-01 8.33389e-01
9.722473083e+00 0.00000e+00 0.00000e+00 9.99999e-01 9.99999e-01 9.99999e-01 2.93616e-05 2.05227e-01 9.99999e-01 9.99898e-01 8.69161e-01
9.771085448e+00 0.00000e+00 0.00000e+00 9.99999e-01 9.99999e-01 9.99999e-01 1.66311e-03 2.89396e-01 9.99999e-01 9.99900e-01 8.97878e-01
9.819940876e+00 0.00000e+00 0.00000e+00 9.99999e-01 9.99999e-01 9.99999e-01 4.88935e-02 5.51395e-02 9.99999e-01 9.99902e-01 9.18614e-01
9.869040580e+00 0.00000e+00 0.00000e+00 9.99999e-01 9.99999e-01 9.99999e-01 3.26350e-01 7.74376e-03 9.99999e-01 9.99904e-01 9.35238e-01
9.918385783e+00 0.00000e+00 0.00000e+00 9.99999e-01 9.99999e-01 9.99999e-01 5.96365e-01 5.51218e-02 9.99999e-01 9.99905e-01 9.48519e-01
9.967977712e+00 0.00000e+00 0.00000e+00 9.99999e-01 9.99999e-01 9.99999e-01 8.03568e-01 2.58146e-01 9.99999e-01 9.99907e-01 9.59082e-01
1.001781760e+01 0.00000e+00 0.00000e+00 9.99999e-01 9.99999e-01 9.99999e-01 9.22371e-01 1.87654e-01 9.99999e-01 9.99909e-01 9.99046e-01
1.006790669e+01 0.00000e+00 0.00000e+00 9.99999e-01 9.99999e-01 9.99999e-01 9.85906e-01 1.96174e-01 9.99999e-01 9.99911e-01 9.99001e-01
1.011824622e+01 0.00000e+00 0.00000e+00 9.99999e-01 9.99999e-01 9.99999e-01 9.98969e-01 2.71353e-01 9.99999e-01 9.99913e-01 9.98954e-01
1.016883745e+01 0.00000e+00 0.00000e+00 9.99999e-01 9.99999e-01 9.99999e-01 9.99616e-01 4.04405e-01 9.99999e-01 9.99914e-01 9.98903e-01
1.021968164e+01 0.00000e+00 0.00000e+00 9.99999e-01 9.99999e-01 9.99999e-01 9.87417e-01 3.17154e-01 9.99999e-01 9.99916e-01 9.98850e-01
1.027078005e+01 0.00000e+00 0.00000e+00 9.99999e-01 9.99999e-01 9.99999e-01 9.68026e-01 7.04908e-02 9.99999e-01 9.99918e-01 9.98792e-01
1.032213395e+01 0.00000e+00 0.00000e+00 9.99999e-01 9.99999e-01 9.99999e-01 9.99999e-01 3.13330e-02 9.99999e-01 9.99919e-01 9.98731e-01
1.037374462e+01 0.00000e+00 0.00000e+00 9.99999e-01 9.99999e-01 9.99999e-01 9.99999e-01 1.42096e-02 9.99999e-01 9.99921e-01 9.98667e-01
1.042561334e+01 0.00000e+00 0.00000e+00 9.99999e-01 9.99999e-01 9.99999e-01 9.99999e-01 2.47725e-03 9.99999e-01 9.99922e-01 9.98600e-01
1.047774141e+01 0.00000e+00 0.00000e+00 9.99999e-01 9.99999e-01 9.99999e-01 9.99999e-01 2.68252e-02 9.99999e-01 9.99924e-01 9.98525e-01
1.053013012e+01 0.00000e+00 0.00000e+00 9.99999e-01 9.99999e-01 9.99999e-01 9.99999e-01 1.44981e-01 9.99999e-01 9.99925e-01 9.98449e-01
1.058278077e+01 0.00000e+00 0.00000e+00 9.99999e-01 9.99999e-01 9.99999e-01 9.99999e-01 8.01615e-02 9.99999e-01 9.99927e-01 9.98367e-01
1.063569467e+01 0.00000e+00 0.00000e+00 9.99999e-01 9.99999e-01 9.99999e-01 9.99999e-01 1.09864e-01 9.99999e-01 9.99928e-01 9.98284e-01
1.068887314e+01 0.00000e+00 0.00000e+00 9.99999e-01 9.99999e-01 9.99999e-01 9.99999e-01 1.85735e-01 9.99999e-01 9.99930e-01 9.98192e-01
1.074231751e+01 0.00000e+00 0.00000e+00 9.99999e-01 9.99999e-01 9.99999e-01 9.99999e-01 1.20950e-01 9.99999e-01 9.99931e-01 9.98098e-01
1.079602910e+01 0.00000e+00 0.00000e+00 9.99999e-01 9.99999e-01 9.99999e-01 9.99999e-01 6.74183e-02 9.99999e-01 9.99932e-01 9.97999e-01
1.085000924e+01 0.00000e+00 0.00000e+00 9.99999e-01 9.99999e-01 9.99999e-01 9.99999e-01 1.05071e-02 9.99999e-01 9.99934e-01 9.97899e-01
1.090425929e+01 0.00000e+00 0.00000e+00 9.99999e-01 9.99999e-01 9.99999e-01 9.99999e-01 1.72919e-02 9.99999e-01 9.99935e-01 9.97789e-01
1.095878058e+01 0.00000e+00 0.00000e+00 9.99999e-01 9.99999e-01 9.99999e-01 9.99999e-01 3.16446e-04 9.99999e-01 9.99936e-01 9.97673e-01
1.101357449e+01 0.00000e+00 0.00000e+00 9.99999e-01 9.99999e-01 9.99999e-01 9.99999e-01 1.04861e-04 9.99999e-01 9.99937e-01 9.97551e-01
1.106864236e+01 0.00000e+00 0.00000e+00 9.99999e-01 9.99999e-01 9.99999e-01 9.99999e-01 2.13407e-02 9.99999e-01 9.99939e-01 9.97424e-01
1.112398557e+01 0.00000e+00 0.00000e+00 9.99999e-01 9.99999e-01 9.99999e-01 9.99999e-01 9.34910e-02 9.99999e-01 9.99940e-01 9.97292e-01
1.117960550e+01 0.00000e+00 0.00000e+00 9.99999e-01 9.99999e-01 9.99999e-01 9.99999e-01 1.42856e-01 9.99999e-01 9.99941e-01 9.97151e-01
1.123550353e+01 0.00000e+00 0.00000e+00 9.99999e-01 9.99999e-01 9.99999e-01 9.99983e-01 2.96250e-02 9.99999e-01 9.99942e-01 9.97009e-01
1.129168104e+01 0.00000e+00 0.00000e+00 9.99999e-01 9.99999e-01 9.99999e-01 9.99761e-01 8.07558e-03 9.99999e-01 9.99943e-01 9.96847e-01
1.134813945e+01 0.00000e+00 0.00000e+00 9.99999e-01 9.99999e-01 9.99999e-01 9.99224e-01 4.01976e-02 9.99999e-01 9.99944e-01 9.96683e-01
1.140488015e+01 0.00000e+00 0.00000e+00 9.99999e-01 9.99999e-01 9.99999e-01 9.98522e-01 7.12225e-02 9.99999e-01 9.99945e-01 9.96513e-01
1.146190455e+01 0.00000e+00 0.00000e+00 9.99999e-01 9.99999e-01 9.99999e-01 9.97402e-01 6.86905e-02 9.99999e-01 9.99947e-01 9.96339e-01
1.151921407e+01 0.00000e+00 0.00000e+00 9.99999e-01 9.99999e-01 9.99999e-01 9.94854e-01 2.83505e-02 9.99999e-01 9.99948e-01 9.96157e-01
1.157681014e+01 0.00000e+00 0.00000e+00 9.99999e-01 9.99999e-01 9.99999e-01 9.83375e-01 6.44808e-04 9.99999e-01 9.99949e-01 9.95964e-01
1.163469419e+01 0.00000e+00 0.00000e+00 9.99999e-01 9.99999e-01 9.99999e-01 9.58957e-01 5.71338e-05 9.99999e-01 9.99950e-01 9.95768e-01
1.169286766e+01 0.00000e+00 0.00000e+00 9.99999e-01 9.99999e-01 9.99999e-01 9.55521e-01 1.33078e-06 9.99999e-01 9.99951e-01 9.95552e-01
1.175133200e+01 0.00000e+00 0.00000e+00 9.99999e-01 9.99999e-01 9.99999e-01 9.74015e-01 4.59415e-05 9.99999e-01 9.99952e-01 9.95334e-01
1.181008866e+01 0.00000e+00 0.00000e+00 9.99999e-01 9.99999e-01 9.99999e-01 9.91842e-01 1.33796e-03 9.99999e-01 9.99952e-01 9.95091e-01
1.186913910e+01 0.00000e+00 0.00000e+00 9.99999e-01 9.99999e-01 9.99999e-01 9.93611e-01 3.98218e-03 9.99999e-01 9.99953e-01 9.94840e-01
1.192848480e+01 0.00000e+00 0.00000e+00 9.99999e-01 9.99999e-01 9.99999e-01 9.90970e-01 4.63807e-03 9.99999e-01 9.99954e-01 9.94572e-01
1.198812722e+01 0.00000e+00 0.00000e+00 9.99999e-01 9.99999e-01 9.99999e-01 9.82085e-01 5.57470e-03 9.99999e-01 9.99955e-01 9.94278e-01
1.204806786e+01 0.00000e+00 0.00000e+00 9.99999e-01 9.99999e-01 9.99999e-01 9.81007e-01 5.79892e-03 9.99999e-01 9.99956e-01 9.93983e-01
1.210830820e+01 0.00000e+00 0.00000e+00 9.99999e-01 9.99999e-01 9.99999e-01 9.89449e-01 6.94465e-03 9.99999e-01 9.99957e-01 9.93654e-01
1.216884974e+01 0.00000e+00 0.00000e+00 9.99999e-01 9.99999e-01 9.99999e-01 9.96853e-01 3.38914e-02 9.99999e-01 9.99958e-01 9.93323e-01
1.222969399e+01 0.00000e+00 0.00000e+00 9.99999e-01 9.99999e-01 9.99999e-01 9.98728e-01 2.90008e-03 9.99999e-01 9.99959e-01 9.92989e-01
1.229084246e+01 0.00000e+00 0.00000e+00 9.99999e-01 9.99999e-01 9.99999e-01 9.99239e-01 2.35285e-05 9.99999e-01 9.99959e-01 9.92653e-01
1.235229667e+01 0.00000e+00 0.00000e+00 9.99999e-01 9.99999e-01 9.99999e-01 9.99552e-01 8.47774e-06 9.99999e-01 9.99960e-01 9.92312e-01
1.241405815e+01 0.00000e+00 0.00000e+00 9.99999e-01 9.99999e-01 9.99999e-01 9.99763e-01 6.52629e-13 9.99999e-01 9.99961e-01 9.91942e-01
1.247612845e+01 0.00000e+00 0.00000e+00 9.99999e-01 9.99999e-01 9.99999e-01 9.99932e-01 4.24090e-10 9.99999e-01 9.99962e-01 9.91570e-01
1.253850909e+01 0.00000e+00 0.00000e+00 9.99999e-01 9.99999e-01 9.99999e-01 9.14692e-01 4.72025e-11 9.99999e-01 9.99962e-01 9.91180e-01
1.260120163e+01 0.00000e+00 0.00000e+00 9.99999e-01 9.99999e-01 9.99999e-01 9.99999e-01 2.35552e-05 9.99999e-01 9.99963e-01 9.90777e-01
1.266420764e+01 0.00000e+00 0.00000e+00 9.99999e-01 9.99999e-01 9.99999e-01 9.99999e-01 6.12090e-04 9.99999e-01 9.99964e-01 9.90367e-01
1.272752868e+01 0.00000e+00 0.00000e+00 9.99999e-01 9.99999e-01 9.99999e-01 9.99999e-01 1.34218e-04 9.99999e-01 9.99965e-01 9.89898e-01
1.279116632e+01 0.00000e+00 0.00000e+00 9.99999e-01 9.99999e-01 9.99999e-01 9.99999e-01 3.35499e-03 9.99999e-01 9.99965e-01 9.89427e-01
1.285512215e+01 0.00000e+00 0.00000e+00 9.99999e-01 9.99999e-01 9.99999e-01 9.99999e-01 4.31789e-04 9.99999e-01 9.99966e-01 9.88929e-01
1.291939776e+01 0.00000e+00 0.00000e+00 9.99999e-01 9.99999e-01 9.99999e-01 9.99999e-01 5.32743e-04 9.99999e-01 9.99967e-01 9.88408e-01
1.298399475e+01 0.00000e+00 0.00000e+00 9.99999e-01 9.99999e-01 9.99999e-01 9.99999e-01 4.38462e-05 9.99999e-01 9.99967e-01 9.87883e-01
1.304891473e+01 0.00000e+00 0.00000e+00 9.99999e-01 9.99999e-01 9.99999e-01 9.99999e-01 1.73084e-06 9.99999e-01 9.99968e-01 9.87333e-01
1.311415930e+01 0.00000e+00 0.00000e+00 9.99999e-01 9.99999e-01 9.99999e-01 9.99999e-01 3.52804e-06 9.99999e-01 9.99968e-01 9.86778e-01
1.317973010e+01 0.00000e+00 0.00000e+00 9.99999e-01 9.99999e-01 9.99999e-01 9.99999e-01 8.66145e-06 9.99999e-01 9.99969e-01 9.86200e-01
1.324562875e+01 0.00000e+00 0.00000e+00 9.99999e-01 9.99999e-01 9.99999e-01 9.99999e-01 9.68684e-08 9.99999e-01 9.99970e-01 9.85576e-01
1.331185689e+01 0.00000e+00 0.00000e+00 9.99999e-01 9.99999e-01 9.99999e-01 9.99999e-01 3.43332e-12 9.99999e-01 9.99970e-01 9.84949e-01
1.337841618e+01 0.00000e+00 0.00000e+00 9.99999e-01 9.99999e-01 9.99999e-01 9.99999e-01 4.85371e-11 9.99999e-01 9.99971e-01 9.74934e-01
1.344530826e+01 0.00000e+00 0.00000e+00 9.99999e-01 9.99999e-01 9.99999e-01 9.99999e-01 1.12887e-19 9.99999e-01 9.99971e-01 9.70008e-01
1.351253480e+01 0.00000e+00 0.00000e+00 9.99999e-01 9.99999e-01 9.99999e-01 9.99999e-01 1.20155e-09 9.99999e-01 9.99972e-01 9.68069e-01
1.358009747e+01 0.00000e+00 0.00000e+00 9.99999e-01 9.99999e-01 9.99999e-01 9.99999e-01 4.26281e-08 9.99999e-01 9.99972e-01 9.65862e-01
1.364799796e+01 0.00000e+00 0.00000e+00 9.99999e-01 9.99999e-01 9.99999e-01 9.99999e-01 7.12323e-10 9.99999e-01 9.99973e-01 9.63328e-01
1.371623795e+01 0.00000e+00 0.00000e+00 9.99999e-01 9.99999e-01 9.99999e-01 9.99999e-01 2.36323e-07 9.99999e-01 9.99973e-01 9.60855e-01
1.378481914e+01 0.00000e+00 0.00000e+00 9.99999e-01 9.99999e-01 9.99999e-01 9.99999e-01 2.67774e-05 9.99999e-01 9.99974e-01 9.58214e-01
1.385374323e+01 0.00000e+00 0.00000e+00 9.99999e-01 9.99999e-01 9.99999e-01 9.99999e-01 1.20350e-06 9.99999e-01 9.99974e-01 9.55434e-01
1.392301195e+01 0.00000e+00 0.00000e+00 9.99999e-01 9.99999e-01 9.99999e-01 9.99961e-01 1.37248e-08 9.99999e-01 9.99975e-01 9.52486e-01
1.399262701e+01 0.00000e+00 0.00000e+00 9.99999e-01 9.99999e-01 9.99999e-01 9.97235e-01 1.43170e-09 9.99999e-01 9.99975e-01 9.49046e-01
1.406259015e+01 0.00000e+00 0.00000e+00 9.99999e-01 9.99999e-01 9.99999e-01 9.88251e-01 2.03313e-10 9.99999e-01 9.99976e-01 9.45720e-01
1.413290310e+01 0.00000e+00 0.00000e+00 9.99999e-01 9.99999e-01 9.99999e-01 9.73224e-01 6.56795e-13 9.99999e-01 9.99976e-01 9.42143e-01
1.420356761e+01 0.00000e+00 0.00000e+00 9.99999e-01 9.99999e-01 9.99999e-01 9.45093e-01 7.26163e-21 9.99999e-01 9.99977e-01 9.38336e-01
1.427458545e+01 0.00000e+00 0.00000e+00 9.99999e-01 9.99999e-01 9.99999e-01 9.04202e-01 1.76400e-17 9.99999e-01 9.99977e-01 9.34282e-01
1.434595838e+01 0.00000e+00 0.00000e+00 9.99999e-01 9.99999e-01 9.99999e-01 8.28356e-01 2.82666e-19 9.99999e-01 9.99978e-01 9.29840e-01
1.441768817e+01 0.00000e+00 0.00000e+00 9.99999e-01 9.99999e-01 9.99999e-01 7.05961e-01 1.69871e-25 9.99999e-01 9.99978e-01 9.25092e-01
1.448977661e+01 0.00000e+00 0.00000e+00 9.99999e-01 9.99999e-01 9.99999e-01 4.46440e-01 4.44152e-29 9.99999e-01 9.99978e-01 9.20052e-01
1.456222549e+01 0.00000e+00 0.00000e+00 9.99999e-01 9.99999e-01 9.99999e-01 2.71450e-01 6.45497e-15 9.99999e-01 9.99979e-01 9.14592e-01
1.463503662e+01 0.00000e+00 0.00000e+00 9.99999e-01 9.99999e-01 9.99999e-01 1.47050e-01 9.71287e-13 9.99999e-01 9.99979e-01 9.08799e-01
1.470821180e+01 0.00000e+00 0.00000e+00 9.99999e-01 9.99999e-01 9.99999e-01 7.59275e-02 3.89985e-11 9.99999e-01 9.99980e-01 9.03347e-01
1.478175286e+01 0.00000e+00 0.00000e+00 9.99999e-01 9.99999e-01 9.99999e-01 3.41865e-02 5.67776e-12 9.99999e-01 9.99980e-01 8.96727e-01
1.485566163e+01 0.00000e+00 0.00000e+00 9.99999e-01 9.99999e-01 9.99999e-01 1.58614e-02 1.11956e-21 9.99999e-01 9.99980e-01 8.89701e-01
1.492993994e+01 0.00000e+00 0.00000e+00 9.99999e-01 9.99999e-01 9.99999e-01 5.43749e-03 2.78924e-21 9.99999e-01 9.99981e-01 8.83109e-01
1.500458964e+01 0.00000e+00 0.00000e+00 9.99999e-01 9.99999e-01 9.99999e-01 1.83396e-03 4.84581e-16 9.99999e-01 9.99981e-01 8.75001e-01
1.507961258e+01 0.00000e+00 0.00000e+00 9.99999e-01 9.99999e-01 9.99999e-01 4.96066e-04 1.70925e-13 9.99999e-01 9.99981e-01 8.66416e-01
1.515501065e+01 0.00000e+00 0.00000e+00 9.99999e-01 9.99999e-01 9.99999e-01 1.00657e-04 1.75146e-14 9.99999e-01 9.99982e-01 8.58382e-01
1.523078570e+01 0.00000e+00 0.00000e+00 9.99999e-01 9.99999e-01 9.99999e-01 1.69776e-05 4.93383e-13 9.99999e-01 9.99982e-01 8.48597e-01
1.530693963e+01 0.00000e+00 0.00000e+00 9.99999e-01 9.99999e-01 9.99999e-01 2.38731e-06 4.43098e-14 9.99999e-01 9.99983e-01 8.38251e-01
1.538347433e+01 0.00000e+00 0.00000e+00 9.99999e-01 9.99999e-01 9.99999e-01 1.49354e-07 3.82543e-20 9.99999e-01 9.99983e-01 8.19725e-01
1.546039170e+01 0.00000e+00 0.00000e+00 9.99999e-01 9.99999e-01 9.99999e-01 1.02255e-08 3.57149e-25 9.99999e-01 9.99983e-01 8.08724e-01
1.553769366e+01 0.00000e+00 0.00000e+00 9.99999e-01 9.99999e-01 9.99999e-01 1.83186e-10 9.12067e-27 9.99999e-01 9.99983e-01 7.96203e-01
1.561538212e+01 0.00000e+00 0.00000e+00 9.99999e-01 9.99999e-01 9.99999e-01 1.33872e-12 2.57186e-52 9.99999e-01 9.99984e-01 7.83013e-01
1.569345903e+01 0.00000e+00 0.00000e+00 9.99999e-01 9.99999e-01 9.99999e-01 2.71085e-15 6.97569e-49 9.99999e-01 9.99984e-01 7.70711e-01
1.577192633e+01 0.00000e+00 0.00000e+00 9.99999e-01 9.99999e-01 9.99999e-01 1.24719e-19 1.71697e-47 9.99999e-01 9.99984e-01 7.57811e-01
1.585078596e+01 0.00000e+00 0.00000e+00 9.99999e-01 9.99999e-01 9.99999e-01 3.15874e-23 1.11521e-27 9.99999e-01 9.99985e-01 7.44314e-01
1.593003989e+01 0.00000e+00 0.00000e+00 9.99999e-01 9.99999e-01 9.99999e-01 5.23717e-28 5.85998e-28 9.99999e-01 9.99985e-01 7.29894e-01
1.600969009e+01 0.00000e+00 0.00000e+00 9.99999e-01 9.99999e-01 9.99999e-01 1.07602e-32 9.82278e-44 9.99999e-01 9.99985e-01 7.14743e-01
1.608973854e+01 0.00000e+00 0.00000e+00 9.99999e-01 9.99999e-01 9.99999e-01 2.08193e-38 5.01271e-48 9.99999e-01 9.99985e-01 6.96630e-01
1.617018723e+01 0.00000e+00 0.00000e+00 9.99999e-01 9.99999e-01 9.99999e-01 2.12844e-42 2.44677e-36 9.99999e-01 9.99986e-01 6.77643e-01
1.625103817e+01 0.00000e+00 0.00000e+00 9.99999e-01 9.99999e-01 9.99999e-01 4.55333e-49 7.18295e-46 9.99999e-01 9.99986e-01 6.60236e-01
1.633229336e+01 0.00000e+00 0.00000e+00 9.99999e-01 9.99999e-01 9.99999e-01 1.27368e-55 1.52077e-41 9.99999e-01 9.99986e-01 6.42186e-01
1.641395483e+01 0.00000e+00 0.00000e+00 9.99999e-01 9.99999e-01 9.99999e-01 5.33697e-64 1.47703e-42 9.99999e-01 9.99987e-01 6.23424e-01
1.649602460e+01 0.00000e+00 0.00000e+00 9.99999e-01 9.99999e-01 9.99999e-01 1.31200e-68 1.15054e-44 9.99999e-01 9.99987e-01 6.03984e-01
1.657850473e+01 0.00000e+00 0.00000e+00 9.99999e-01 9.99999e-01 9.99999e-01 4.86538e-80 2.15736e-48 9.99999e-01 9.99987e-01 5.83917e-01
1.666139725e+01 0.00000e+00 0.00000e+00 9.99999e-01 9.99999e-01 9.99999e-01 1.66721e-87 5.02427e-87 9.99999e-01 9.99987e-01 5.63228e-01
1.674470424e+01 0.00000e+00 0.00000e+00 9.99999e-01 9.99999e-01 9.99999e-01 7.07585e-96 2.12787e-45 9.99999e-01 9.99987e-01 5.41986e-01
1.682842776e+01 0.00000e+00 0.00000e+00 9.99999e-01 9.99999e-01 9.99999e-01 3.03511e-108 1.49151e-44 9.99999e-01 9.99988e-01 5.20142e-01
1.691256990e+01 0.00000e+00 0.00000e+00 9.99999e-01 9.99999e-01 9.99999e-01 9.45979e-120 6.46149e-58 9.99999e-01 9.99988e-01 4.97783e-01
1.699713274e+01 0.00000e+00 0.00000e+00 9.99999e-01 9.99999e-01 9.99999e-01 2.04394e-125 1.56783e-64 9.99999e-01 9.99988e-01 4.74959e-01
