# ------------------------------------------------------------------------
# NASA-GSFC Planetary Spectrum Generator (PSG, Villanueva et al. 2018, 2022)
# Atmospheric transmittance spectrum synthesized with PUMAS
# Synthesized on Fri Apr 11 19:13:24 2025
# Radiative transfer took 0.968 seconds
# Spectral unit: Wavelength [um]
# ------------------------------------------------------------------------
# Wave/freq Total CO2 N2 CO O2 SO2 H2O O3  Rayleigh CIA
5.000000000e-01 6.68324e-07 9.99999e-01 9.99999e-01 9.99999e-01 9.99999e-01 9.99999e-01 9.99774e-01 9.99999e-01 6.68475e-07 9.99997e-01
5.025000000e-01 8.83313e-07 9.98834e-01 9.99999e-01 9.99999e-01 9.99999e-01 9.99999e-01 9.98682e-01 9.99999e-01 8.85516e-07 9.99986e-01
5.050125000e-01 1.16455e-06 9.99997e-01 9.99999e-01 9.99999e-01 9.99999e-01 9.99999e-01 9.98653e-01 9.99999e-01 1.16615e-06 9.99972e-01
5.075375625e-01 1.52522e-06 9.99999e-01 9.99999e-01 9.99999e-01 9.99999e-01 9.99999e-01 9.98598e-01 9.99999e-01 1.52739e-06 9.99979e-01
5.100752503e-01 1.98782e-06 9.99999e-01 9.99999e-01 9.99999e-01 9.99999e-01 9.99999e-01 9.98957e-01 9.99999e-01 1.98990e-06 9.99993e-01
5.126256266e-01 2.57717e-06 9.99999e-01 9.99999e-01 9.99999e-01 9.99999e-01 9.99999e-01 9.99306e-01 9.99999e-01 2.57896e-06 9.99998e-01
5.151887547e-01 3.32417e-06 9.99937e-01 9.99999e-01 9.99999e-01 9.99999e-01 9.99999e-01 9.99720e-01 9.99999e-01 3.32531e-06 9.99999e-01
5.177646985e-01 4.26069e-06 9.98832e-01 9.99999e-01 9.99999e-01 9.99999e-01 9.99999e-01 9.99880e-01 9.99999e-01 4.26618e-06 9.99999e-01
5.203535220e-01 5.44617e-06 9.99999e-01 9.99999e-01 9.99999e-01 9.99999e-01 9.99999e-01 9.99957e-01 9.99999e-01 5.44640e-06 9.99999e-01
5.229552896e-01 6.91320e-06 9.99184e-01 9.99999e-01 9.99999e-01 9.99999e-01 9.99999e-01 9.99882e-01 9.99999e-01 6.91965e-06 9.99999e-01
5.255700660e-01 8.74913e-06 9.99998e-01 9.99999e-01 9.99999e-01 9.99999e-01 9.99999e-01 9.99909e-01 9.99999e-01 8.74994e-06 9.99998e-01
5.281979164e-01 1.10121e-05 9.99999e-01 9.99999e-01 9.99999e-01 9.99999e-01 9.99999e-01 9.99901e-01 9.99999e-01 1.10132e-05 9.99998e-01
5.308389059e-01 1.37974e-05 9.99999e-01 9.99999e-01 9.99999e-01 9.99999e-01 9.99999e-01 9.99886e-01 9.99999e-01 1.37990e-05 9.99999e-01
5.334931005e-01 1.71977e-05 9.99210e-01 9.99999e-01 9.99999e-01 9.99999e-01 9.99999e-01 9.99918e-01 9.99999e-01 1.72126e-05 9.99999e-01
5.361605660e-01 2.13745e-05 9.99997e-01 9.99999e-01 9.99999e-01 9.99999e-01 9.99999e-01 9.99875e-01 9.99999e-01 2.13772e-05 9.99999e-01
5.388413688e-01 2.64274e-05 9.99999e-01 9.99999e-01 9.99999e-01 9.99999e-01 9.99999e-01 9.99675e-01 9.99999e-01 2.64360e-05 9.99997e-01
5.415355756e-01 3.25152e-05 9.99670e-01 9.99999e-01 9.99999e-01 9.99999e-01 9.99999e-01 9.99114e-01 9.99999e-01 3.25551e-05 9.99987e-01
5.442432535e-01 3.98685e-05 9.99273e-01 9.99999e-01 9.99999e-01 9.99999e-01 9.99999e-01 9.99296e-01 9.99999e-01 3.99260e-05 9.99986e-01
5.469644698e-01 4.87165e-05 9.99725e-01 9.99999e-01 9.99999e-01 9.99999e-01 9.99999e-01 9.99210e-01 9.99999e-01 4.87688e-05 9.99989e-01
5.496992921e-01 5.92419e-05 9.98978e-01 9.99999e-01 9.99999e-01 9.99999e-01 9.99999e-01 9.99449e-01 9.99999e-01 5.93352e-05 9.99996e-01
5.524477886e-01 7.18282e-05 9.99137e-01 9.99999e-01 9.99999e-01 9.99999e-01 9.99999e-01 9.99699e-01 9.99999e-01 7.19117e-05 9.99998e-01
5.552100275e-01 8.68078e-05 9.99999e-01 9.99999e-01 9.99999e-01 9.99999e-01 9.99999e-01 9.99816e-01 9.99999e-01 8.68237e-05 9.99999e-01
5.579860777e-01 1.04297e-04 9.98720e-01 9.99999e-01 9.99999e-01 9.99999e-01 9.99999e-01 9.99920e-01 9.99999e-01 1.04438e-04 9.99999e-01
5.607760081e-01 1.25160e-04 9.99999e-01 9.99999e-01 9.99999e-01 9.99999e-01 9.99999e-01 9.99923e-01 9.99999e-01 1.25169e-04 9.99999e-01
5.635798881e-01 1.49445e-04 9.99851e-01 9.99999e-01 9.99999e-01 9.99999e-01 9.99999e-01 9.99918e-01 9.99999e-01 1.49480e-04 9.99999e-01
5.663977875e-01 1.77678e-04 9.99176e-01 9.99999e-01 9.99999e-01 9.99999e-01 9.99999e-01 9.99651e-01 9.99999e-01 1.77887e-04 9.99995e-01
5.692297765e-01 2.10553e-04 9.99999e-01 9.99999e-01 9.99999e-01 9.99999e-01 9.99999e-01 9.98066e-01 9.99999e-01 2.10966e-04 9.99973e-01
5.720759254e-01 2.49104e-04 9.99999e-01 9.99999e-01 9.99999e-01 9.99999e-01 9.99999e-01 9.99017e-01 9.99999e-01 2.49355e-04 9.99975e-01
5.749363050e-01 2.93425e-04 9.99999e-01 9.99999e-01 9.99999e-01 9.99999e-01 9.99999e-01 9.98883e-01 9.99999e-01 2.93758e-04 9.99982e-01
5.778109865e-01 3.44496e-04 9.99806e-01 9.99999e-01 9.99999e-01 9.99999e-01 9.99999e-01 9.98883e-01 9.99999e-01 3.44950e-04 9.99993e-01
5.807000414e-01 4.03013e-04 9.99066e-01 9.99999e-01 9.99999e-01 9.99999e-01 9.99999e-01 9.99034e-01 9.99999e-01 4.03779e-04 9.99997e-01
5.836035417e-01 4.70349e-04 9.99177e-01 9.99999e-01 9.99999e-01 9.99999e-01 9.99999e-01 9.99075e-01 9.99999e-01 4.71173e-04 9.99995e-01
5.865215594e-01 5.45707e-04 9.99608e-01 9.99999e-01 9.99999e-01 9.99999e-01 9.99999e-01 9.95975e-01 9.99999e-01 5.48143e-04 9.99968e-01
5.894541672e-01 6.27136e-04 9.98580e-01 9.99999e-01 9.99999e-01 9.99999e-01 9.99999e-01 9.87932e-01 9.99999e-01 6.35782e-04 9.99845e-01
5.924014380e-01 7.29513e-04 9.99999e-01 9.99999e-01 9.99999e-01 9.99999e-01 9.99999e-01 9.92331e-01 9.99999e-01 7.35277e-04 9.99826e-01
5.953634452e-01 8.40149e-04 9.99905e-01 9.99999e-01 9.99999e-01 9.99999e-01 9.99999e-01 9.91074e-01 9.99999e-01 8.47904e-04 9.99869e-01
5.983402624e-01 9.67548e-04 9.99781e-01 9.99999e-01 9.99999e-01 9.99999e-01 9.99999e-01 9.92583e-01 9.99999e-01 9.75033e-04 9.99952e-01
6.013319637e-01 1.11255e-03 9.99559e-01 9.99999e-01 9.99999e-01 9.99999e-01 9.99999e-01 9.95442e-01 9.99999e-01 1.11813e-03 9.99992e-01
6.043386235e-01 1.27443e-03 9.98784e-01 9.99999e-01 9.99999e-01 9.99999e-01 9.99999e-01 9.97814e-01 9.99999e-01 1.27877e-03 9.99998e-01
6.073603167e-01 1.45334e-03 9.97316e-01 9.99999e-01 9.99999e-01 9.99999e-01 9.99999e-01 9.99054e-01 9.99999e-01 1.45862e-03 9.99999e-01
6.103971182e-01 1.65616e-03 9.98430e-01 9.99999e-01 9.99999e-01 9.99999e-01 9.99999e-01 9.99595e-01 9.99999e-01 1.65944e-03 9.99999e-01
6.134491038e-01 1.88214e-03 9.99658e-01 9.99999e-01 9.99999e-01 9.99999e-01 9.99999e-01 9.99832e-01 9.99999e-01 1.88310e-03 9.99999e-01
6.165163494e-01 2.12764e-03 9.98210e-01 9.99999e-01 9.99999e-01 9.99999e-01 9.99999e-01 9.99942e-01 9.99999e-01 2.13158e-03 9.99999e-01
6.195989311e-01 2.40654e-03 9.99876e-01 9.99999e-01 9.99999e-01 9.99999e-01 9.99999e-01 9.99953e-01 9.99999e-01 2.40694e-03 9.99999e-01
6.226969258e-01 2.70909e-03 9.99282e-01 9.99999e-01 9.99999e-01 9.99999e-01 9.99999e-01 9.99876e-01 9.99999e-01 2.71137e-03 9.99999e-01
6.258104104e-01 3.04359e-03 9.99898e-01 9.99999e-01 9.99999e-01 9.99999e-01 9.99999e-01 9.98950e-01 9.99999e-01 3.04712e-03 9.99992e-01
6.289394624e-01 3.40463e-03 9.97528e-01 9.99999e-01 9.99999e-01 9.99999e-01 9.99999e-01 9.98998e-01 9.99999e-01 3.41656e-03 9.99977e-01
6.320841597e-01 3.81250e-03 9.98613e-01 9.99999e-01 9.99999e-01 9.99999e-01 9.99999e-01 9.98877e-01 9.99999e-01 3.82214e-03 9.99980e-01
6.352445805e-01 4.26238e-03 9.99989e-01 9.99999e-01 9.99999e-01 9.99999e-01 9.99999e-01 9.99080e-01 9.99999e-01 4.26640e-03 9.99986e-01
6.384208035e-01 4.74590e-03 9.99999e-01 9.99999e-01 9.99999e-01 9.99999e-01 9.99999e-01 9.98727e-01 9.99999e-01 4.75197e-03 9.99993e-01
6.416129075e-01 5.27193e-03 9.99550e-01 9.99999e-01 9.99999e-01 9.99999e-01 9.99999e-01 9.98630e-01 9.99999e-01 5.28155e-03 9.99994e-01
6.448209720e-01 5.82235e-03 9.98432e-01 9.99999e-01 9.99999e-01 9.99999e-01 9.99999e-01 9.95491e-01 9.99999e-01 5.85791e-03 9.99973e-01
6.480450769e-01 6.42389e-03 9.99673e-01 9.99999e-01 9.99999e-01 9.99999e-01 9.99999e-01 9.91174e-01 9.99999e-01 6.48388e-03 9.99888e-01
6.512853022e-01 7.08799e-03 9.96158e-01 9.99999e-01 9.99999e-01 9.99999e-01 9.99999e-01 9.93525e-01 9.99999e-01 7.16237e-03 9.99887e-01
6.545417288e-01 7.77493e-03 9.90252e-01 9.99999e-01 9.99999e-01 9.99999e-01 9.99999e-01 9.94349e-01 9.99999e-01 7.89632e-03 9.99914e-01
6.578144374e-01 8.50167e-03 9.84609e-01 9.99999e-01 9.99999e-01 9.99999e-01 9.99999e-01 9.93774e-01 9.99999e-01 8.68872e-03 9.99959e-01
6.611035096e-01 9.42934e-03 9.91481e-01 9.99999e-01 9.99999e-01 9.99999e-01 9.99999e-01 9.96615e-01 9.99999e-01 9.54259e-03 9.99990e-01
6.644090271e-01 1.03918e-02 9.95523e-01 9.99999e-01 9.99999e-01 9.99999e-01 9.99999e-01 9.97847e-01 9.99999e-01 1.04610e-02 9.99995e-01
6.677310723e-01 1.14288e-02 9.99384e-01 9.99999e-01 9.99999e-01 9.99999e-01 9.99999e-01 9.99026e-01 9.99999e-01 1.14470e-02 9.99998e-01
6.710697276e-01 1.24875e-02 9.99176e-01 9.99999e-01 9.99999e-01 9.99999e-01 9.99999e-01 9.99531e-01 9.99999e-01 1.25037e-02 9.99999e-01
6.744250763e-01 1.36309e-02 9.99990e-01 9.99999e-01 9.99999e-01 9.99999e-01 9.99999e-01 9.99778e-01 9.99999e-01 1.36341e-02 9.99999e-01
6.777972017e-01 1.48381e-02 9.99999e-01 9.99999e-01 9.99999e-01 9.99999e-01 9.99999e-01 9.99785e-01 9.99999e-01 1.48413e-02 9.99999e-01
6.811861877e-01 1.61181e-02 9.99853e-01 9.99999e-01 9.99999e-01 9.99999e-01 9.99999e-01 9.99516e-01 9.99999e-01 1.61283e-02 9.99997e-01
6.845921186e-01 1.74632e-02 9.98545e-01 9.99999e-01 9.99999e-01 9.99999e-01 9.99999e-01 9.99457e-01 9.99999e-01 1.74982e-02 9.99994e-01
6.880150792e-01 1.89374e-02 9.99999e-01 9.99999e-01 9.99999e-01 9.99999e-01 9.99999e-01 9.99135e-01 9.99999e-01 1.89539e-02 9.99990e-01
6.914551546e-01 2.02012e-02 9.99999e-01 9.99999e-01 9.99999e-01 9.99999e-01 9.99999e-01 9.85568e-01 9.99999e-01 2.04983e-02 9.99932e-01
6.949124304e-01 2.17057e-02 9.99471e-01 9.99999e-01 9.99999e-01 9.99999e-01 9.99999e-01 9.81395e-01 9.99999e-01 2.21343e-02 9.99743e-01
6.983869925e-01 2.36028e-02 9.98477e-01 9.99999e-01 9.99999e-01 9.99999e-01 9.99999e-01 9.90714e-01 9.99999e-01 2.38647e-02 9.99763e-01
7.018789275e-01 2.52784e-02 9.99999e-01 9.99999e-01 9.99999e-01 9.99999e-01 9.99999e-01 9.84107e-01 9.99999e-01 2.56920e-02 9.99787e-01
7.053883221e-01 2.72460e-02 9.99926e-01 9.99999e-01 9.99999e-01 9.99999e-01 9.99999e-01 9.86671e-01 9.99999e-01 2.76191e-02 9.99888e-01
7.089152637e-01 2.89668e-02 9.89554e-01 9.99999e-01 9.99999e-01 9.99999e-01 9.99999e-01 9.87299e-01 9.99999e-01 2.96482e-02 9.99941e-01
7.124598400e-01 3.05616e-02 9.74628e-01 9.99999e-01 9.99999e-01 9.99999e-01 9.99999e-01 9.86640e-01 9.99999e-01 3.17820e-02 9.99929e-01
7.160221392e-01 2.87682e-02 9.36153e-01 9.99999e-01 9.99999e-01 9.99999e-01 9.99999e-01 8.99569e-01 9.99999e-01 3.40225e-02 9.99505e-01
7.196022499e-01 3.12188e-02 9.49084e-01 9.99999e-01 9.99999e-01 9.99999e-01 9.99999e-01 9.04024e-01 9.99999e-01 3.63720e-02 9.98519e-01
7.232002612e-01 3.51797e-02 9.76213e-01 9.99999e-01 9.99999e-01 9.99999e-01 9.99999e-01 9.28493e-01 9.99999e-01 3.88326e-02 9.98713e-01
7.268162625e-01 3.78233e-02 9.90179e-01 9.99999e-01 9.99999e-01 9.99999e-01 9.99999e-01 9.23296e-01 9.99999e-01 4.14060e-02 9.98837e-01
7.304503438e-01 4.01805e-02 9.96230e-01 9.99999e-01 9.99999e-01 9.99999e-01 9.99999e-01 9.15163e-01 9.99999e-01 4.40940e-02 9.99343e-01
7.341025955e-01 4.46728e-02 9.99526e-01 9.99999e-01 9.99999e-01 9.99999e-01 9.99999e-01 9.53187e-01 9.99999e-01 4.68982e-02 9.99788e-01
7.377731085e-01 4.80335e-02 9.99893e-01 9.99999e-01 9.99999e-01 9.99999e-01 9.99999e-01 9.64340e-01 9.99999e-01 4.98200e-02 9.99893e-01
7.414619740e-01 5.17597e-02 9.98586e-01 9.99999e-01 9.99999e-01 9.99999e-01 9.99999e-01 9.80545e-01 9.99999e-01 5.28608e-02 9.99973e-01
7.451692839e-01 5.54379e-02 9.99999e-01 9.99999e-01 9.99999e-01 9.99999e-01 9.99999e-01 9.89586e-01 9.99999e-01 5.60215e-02 9.99995e-01
7.488951303e-01 5.89856e-02 9.99999e-01 9.99999e-01 9.99999e-01 9.99999e-01 9.99999e-01 9.94646e-01 9.99999e-01 5.93032e-02 9.99998e-01
7.526396060e-01 6.25641e-02 9.99999e-01 9.99999e-01 9.99999e-01 9.99999e-01 9.99999e-01 9.97728e-01 9.99999e-01 6.27065e-02 9.99998e-01
7.564028040e-01 6.61515e-02 9.99845e-01 9.99999e-01 9.99999e-01 9.99999e-01 9.99999e-01 9.98935e-01 9.99999e-01 6.62321e-02 9.99999e-01
7.601848180e-01 6.97118e-02 9.98016e-01 9.99999e-01 9.99999e-01 9.99999e-01 9.99999e-01 9.99566e-01 9.99999e-01 6.98804e-02 9.99999e-01
7.639857421e-01 7.36356e-02 9.99999e-01 9.99999e-01 9.99999e-01 9.99999e-01 9.99999e-01 9.99781e-01 9.99999e-01 7.36516e-02 9.99999e-01
7.678056708e-01 7.75340e-02 9.99999e-01 9.99999e-01 9.99999e-01 9.99999e-01 9.99999e-01 9.99846e-01 9.99999e-01 7.75458e-02 9.99999e-01
7.716446992e-01 8.15309e-02 9.99736e-01 9.99999e-01 9.99999e-01 9.99999e-01 9.99999e-01 9.99870e-01 9.99999e-01 8.15628e-02 9.99999e-01
7.755029227e-01 8.54960e-02 9.97770e-01 9.99999e-01 9.99999e-01 9.99999e-01 9.99999e-01 9.99818e-01 9.99999e-01 8.57024e-02 9.99999e-01
7.793804373e-01 8.87499e-02 9.87310e-01 9.99999e-01 9.99999e-01 9.99999e-01 9.99999e-01 9.99162e-01 9.99999e-01 8.99641e-02 9.99998e-01
7.832773395e-01 5.62773e-02 5.98235e-01 9.99999e-01 9.99999e-01 9.99999e-01 9.99999e-01 9.96278e-01 9.99999e-01 9.43472e-02 9.99994e-01
7.871937262e-01 6.64679e-02 6.78788e-01 9.99999e-01 9.99999e-01 9.99999e-01 9.99999e-01 9.89918e-01 9.99999e-01 9.88509e-02 9.99953e-01
7.911296948e-01 8.24942e-02 8.02652e-01 9.99999e-01 9.99999e-01 9.99999e-01 9.99999e-01 9.92805e-01 9.99999e-01 1.03474e-01 9.99874e-01
7.950853433e-01 9.34622e-02 8.69425e-01 9.99999e-01 9.99999e-01 9.99999e-01 9.99999e-01 9.93119e-01 9.99999e-01 1.08216e-01 9.99878e-01
7.990607700e-01 1.06313e-01 9.52056e-01 9.99999e-01 9.99999e-01 9.99999e-01 9.99999e-01 9.87546e-01 9.99999e-01 1.13075e-01 9.99873e-01
8.030560739e-01 1.15771e-01 9.93007e-01 9.99999e-01 9.99999e-01 9.99999e-01 9.99999e-01 9.87696e-01 9.99999e-01 1.18050e-01 9.99884e-01
8.070713542e-01 1.20536e-01 9.98079e-01 9.99999e-01 9.99999e-01 9.99999e-01 9.99999e-01 9.80817e-01 9.99999e-01 1.23139e-01 9.99916e-01
8.111067110e-01 1.18511e-01 9.98639e-01 9.99999e-01 9.99999e-01 9.99999e-01 9.99999e-01 9.24839e-01 9.99999e-01 1.28340e-01 9.99779e-01
8.151622446e-01 1.14276e-01 9.96009e-01 9.99999e-01 9.99999e-01 9.99999e-01 9.99999e-01 8.58525e-01 9.99999e-01 1.33651e-01 9.98963e-01
8.192380558e-01 1.28855e-01 9.97597e-01 9.99999e-01 9.99999e-01 9.99999e-01 9.99999e-01 9.30258e-01 9.99999e-01 1.39071e-01 9.98265e-01
8.233342461e-01 1.28698e-01 9.98501e-01 9.99999e-01 9.99999e-01 9.99999e-01 9.99999e-01 8.92581e-01 9.99999e-01 1.44597e-01 9.98546e-01
8.274509173e-01 1.39868e-01 9.97049e-01 9.99999e-01 9.99999e-01 9.99999e-01 9.99999e-01 9.34690e-01 9.99999e-01 1.50227e-01 9.98855e-01
8.315881719e-01 1.41731e-01 9.92225e-01 9.99999e-01 9.99999e-01 9.99999e-01 9.99999e-01 9.16296e-01 9.99999e-01 1.55959e-01 9.99353e-01
8.357461127e-01 1.50793e-01 9.98694e-01 9.99999e-01 9.99999e-01 9.99999e-01 9.99999e-01 9.33334e-01 9.99999e-01 1.61790e-01 9.99842e-01
8.399248433e-01 1.60645e-01 9.97387e-01 9.99999e-01 9.99999e-01 9.99999e-01 9.99999e-01 9.60377e-01 9.99999e-01 1.67716e-01 9.99936e-01
8.441244675e-01 1.69104e-01 9.94293e-01 9.99999e-01 9.99999e-01 9.99999e-01 9.99999e-01 9.78636e-01 9.99999e-01 1.73737e-01 9.99956e-01
8.483450899e-01 1.77800e-01 9.99993e-01 9.99999e-01 9.99999e-01 9.99999e-01 9.99999e-01 9.88646e-01 9.99999e-01 1.79848e-01 9.99971e-01
8.525868153e-01 1.84785e-01 9.99525e-01 9.99999e-01 9.99999e-01 9.99999e-01 9.99999e-01 9.93704e-01 9.99999e-01 1.86047e-01 9.99977e-01
8.568497494e-01 1.91419e-01 9.99037e-01 9.99999e-01 9.99999e-01 9.99999e-01 9.99999e-01 9.96212e-01 9.99999e-01 1.92332e-01 9.99992e-01
8.611339981e-01 1.98184e-01 9.99964e-01 9.99999e-01 9.99999e-01 9.99999e-01 9.99999e-01 9.97449e-01 9.99999e-01 1.98697e-01 9.99998e-01
8.654396681e-01 2.02562e-01 9.88679e-01 9.99999e-01 9.99999e-01 9.99999e-01 9.99999e-01 9.98712e-01 9.99999e-01 2.05142e-01 9.99999e-01
8.697668665e-01 6.19623e-02 2.93043e-01 9.99999e-01 9.99999e-01 9.99999e-01 9.99999e-01 9.98671e-01 9.99999e-01 2.11662e-01 9.99998e-01
8.741157008e-01 6.48725e-02 2.97728e-01 9.99999e-01 9.99999e-01 9.99999e-01 9.99999e-01 9.98063e-01 9.99999e-01 2.18255e-01 9.99997e-01
8.784862793e-01 1.06000e-01 4.72420e-01 9.99999e-01 9.99999e-01 9.99999e-01 9.99999e-01 9.97256e-01 9.99999e-01 2.24916e-01 9.99994e-01
8.828787107e-01 1.97104e-01 8.53417e-01 9.99999e-01 9.99999e-01 9.99999e-01 9.99999e-01 9.96869e-01 9.99999e-01 2.31643e-01 9.99985e-01
8.872931042e-01 2.34548e-01 9.90523e-01 9.99999e-01 9.99999e-01 9.99999e-01 9.99999e-01 9.93121e-01 9.99999e-01 2.38433e-01 9.99960e-01
8.917295698e-01 2.20338e-01 9.76605e-01 9.99999e-01 9.99999e-01 9.99999e-01 9.99999e-01 9.17646e-01 9.99999e-01 2.45281e-01 9.99832e-01
8.961882176e-01 1.96538e-01 9.84903e-01 9.99999e-01 9.99999e-01 9.99999e-01 9.99999e-01 7.91709e-01 9.99999e-01 2.52186e-01 9.98772e-01
9.006691587e-01 2.15295e-01 9.89491e-01 9.99999e-01 9.99999e-01 9.99999e-01 9.99999e-01 8.41419e-01 9.99999e-01 2.59142e-01 9.97236e-01
9.051725045e-01 2.45896e-01 9.89264e-01 9.99999e-01 9.99999e-01 9.99999e-01 9.99999e-01 9.34373e-01 9.99999e-01 2.66147e-01 9.97591e-01
9.096983670e-01 2.19172e-01 9.36216e-01 9.99999e-01 9.99999e-01 9.99999e-01 9.99999e-01 8.56029e-01 9.99999e-01 2.73198e-01 9.97485e-01
9.142468589e-01 2.28495e-01 9.81790e-01 9.99999e-01 9.99999e-01 9.99999e-01 9.99999e-01 8.31050e-01 9.99999e-01 2.80290e-01 9.97762e-01
9.188180931e-01 2.27225e-01 9.31482e-01 9.99999e-01 9.99999e-01 9.99999e-01 9.99999e-01 8.37969e-01 9.99999e-01 2.87421e-01 9.98663e-01
9.234121836e-01 1.71589e-01 6.73089e-01 9.99999e-01 9.99999e-01 9.99999e-01 9.99999e-01 8.56452e-01 9.99999e-01 2.94588e-01 9.98945e-01
9.280292445e-01 1.19601e-01 8.31289e-01 9.99999e-01 9.99999e-01 9.99999e-01 9.99999e-01 4.59562e-01 9.99999e-01 3.01786e-01 9.96666e-01
9.326693908e-01 3.48063e-02 7.59409e-01 9.99999e-01 9.99999e-01 9.99999e-01 9.99999e-01 1.37741e-01 9.99999e-01 3.09013e-01 9.83659e-01
9.373327377e-01 8.71622e-02 8.03622e-01 9.99999e-01 9.99999e-01 9.99999e-01 9.99999e-01 3.36201e-01 9.99999e-01 3.16265e-01 9.73246e-01
9.420194014e-01 1.38146e-01 9.25039e-01 9.99999e-01 9.99999e-01 9.99999e-01 9.99999e-01 4.64844e-01 9.99999e-01 3.23538e-01 9.77746e-01
9.467294984e-01 9.31707e-02 9.75420e-01 9.99999e-01 9.99999e-01 9.99999e-01 9.99999e-01 2.92125e-01 9.99999e-01 3.30831e-01 9.80828e-01
9.514631459e-01 1.09143e-01 9.78443e-01 9.99999e-01 9.99999e-01 9.99999e-01 9.99999e-01 3.32747e-01 9.99999e-01 3.38139e-01 9.86364e-01
9.562204616e-01 1.16026e-01 9.92177e-01 9.99999e-01 9.99999e-01 9.99999e-01 9.99999e-01 3.40353e-01 9.99999e-01 3.45459e-01 9.92856e-01
9.610015639e-01 1.32839e-01 9.98517e-01 9.99999e-01 9.99998e-01 9.99999e-01 9.99999e-01 3.78449e-01 9.99999e-01 3.52788e-01 9.95842e-01
9.658065718e-01 2.00598e-01 9.96137e-01 9.99999e-01 9.99998e-01 9.99999e-01 9.99999e-01 5.60541e-01 9.99999e-01 3.60124e-01 9.97126e-01
9.706356046e-01 2.72032e-01 9.98468e-01 9.99999e-01 9.99999e-01 9.99999e-01 9.99999e-01 7.42801e-01 9.99999e-01 3.67463e-01 9.98044e-01
9.754887826e-01 2.78720e-01 9.96799e-01 9.99999e-01 9.99999e-01 9.99999e-01 9.99999e-01 7.46837e-01 9.99999e-01 3.74801e-01 9.98212e-01
9.803662265e-01 2.93142e-01 9.49265e-01 9.99999e-01 9.99999e-01 9.99999e-01 9.99999e-01 8.06997e-01 9.99999e-01 3.82138e-01 9.99149e-01
9.852680577e-01 3.27259e-01 9.79150e-01 9.99999e-01 9.99999e-01 9.99999e-01 9.99999e-01 8.57725e-01 9.99999e-01 3.89468e-01 9.99797e-01
9.901943980e-01 3.52758e-01 9.67324e-01 9.99999e-01 9.99999e-01 9.99999e-01 9.99999e-01 9.18610e-01 9.99999e-01 3.96790e-01 9.99954e-01
9.951453700e-01 3.75758e-01 9.77178e-01 9.99999e-01 9.99999e-01 9.99999e-01 9.99999e-01 9.51392e-01 9.99999e-01 4.04102e-01 9.99981e-01
1.000121097e+00 3.97082e-01 9.91739e-01 9.99999e-01 9.99999e-01 9.99999e-01 9.99999e-01 9.73221e-01 9.99999e-01 4.11399e-01 9.99977e-01
1.005121702e+00 4.09361e-01 9.93669e-01 9.99999e-01 9.99999e-01 9.99999e-01 9.99999e-01 9.83800e-01 9.99999e-01 4.18680e-01 9.99966e-01
1.010147311e+00 4.19355e-01 9.93805e-01 9.99999e-01 9.99999e-01 9.99999e-01 9.99999e-01 9.90677e-01 9.99999e-01 4.25943e-01 9.99960e-01
1.015198047e+00 4.22496e-01 9.80840e-01 9.99999e-01 9.99999e-01 9.99999e-01 9.99999e-01 9.94385e-01 9.99999e-01 4.33184e-01 9.99972e-01
1.020274038e+00 4.36865e-01 9.95950e-01 9.99999e-01 9.99999e-01 9.99999e-01 9.99999e-01 9.96022e-01 9.99999e-01 4.40402e-01 9.99974e-01
1.025375408e+00 4.43597e-01 9.94360e-01 9.99999e-01 9.99999e-01 9.99999e-01 9.99999e-01 9.96670e-01 9.99999e-01 4.47594e-01 9.99980e-01
1.030502285e+00 4.43364e-01 9.77472e-01 9.99999e-01 9.99999e-01 9.99999e-01 9.99999e-01 9.97383e-01 9.99999e-01 4.54758e-01 9.99993e-01
1.035654796e+00 1.47456e-01 3.19536e-01 9.99999e-01 9.99999e-01 9.99999e-01 9.99999e-01 9.98515e-01 9.99999e-01 4.61891e-01 9.99998e-01
1.040833070e+00 1.20090e-03 2.56296e-03 9.99999e-01 9.99999e-01 9.99999e-01 9.99999e-01 9.98569e-01 9.99999e-01 4.68992e-01 9.99999e-01
1.046037236e+00 1.87320e-02 3.94114e-02 9.99999e-01 9.99999e-01 9.99999e-01 9.99999e-01 9.97978e-01 9.99999e-01 4.76059e-01 9.99999e-01
1.051267422e+00 1.10083e-03 2.28252e-03 9.99999e-01 9.99999e-01 9.99999e-01 9.99999e-01 9.97055e-01 9.99999e-01 4.83090e-01 9.99998e-01
1.056523759e+00 8.08329e-06 1.65216e-05 9.99999e-01 9.99999e-01 9.99999e-01 9.99999e-01 9.95558e-01 9.99999e-01 4.90083e-01 9.99997e-01
1.061806378e+00 1.91634e-04 3.86991e-04 9.99999e-01 9.99999e-01 9.99999e-01 9.99999e-01 9.91160e-01 9.99999e-01 4.97035e-01 9.99995e-01
1.067115410e+00 7.57112e-03 1.51285e-02 9.99999e-01 9.99999e-01 9.99999e-01 9.99999e-01 9.86970e-01 9.99999e-01 5.03946e-01 9.99991e-01
1.072450987e+00 4.35479e-02 8.63164e-02 9.99999e-01 9.99999e-01 9.99999e-01 9.99999e-01 9.82727e-01 9.99999e-01 5.10814e-01 9.99980e-01
1.077813242e+00 6.65962e-02 1.31264e-01 9.99999e-01 9.99999e-01 9.99999e-01 9.99999e-01 9.72723e-01 9.99999e-01 5.17637e-01 9.99956e-01
1.083202308e+00 1.94970e-01 3.81888e-01 9.99999e-01 9.99999e-01 9.99999e-01 9.99999e-01 9.69358e-01 9.99999e-01 5.24414e-01 9.99888e-01
1.088618319e+00 3.49196e-01 6.83507e-01 9.99999e-01 9.99999e-01 9.99999e-01 9.99999e-01 9.59559e-01 9.99999e-01 5.31143e-01 9.99759e-01
1.094061411e+00 4.17700e-01 8.71760e-01 9.99999e-01 9.99999e-01 9.99999e-01 9.99999e-01 8.89098e-01 9.99999e-01 5.37823e-01 9.99548e-01
1.099531718e+00 4.02580e-01 9.51765e-01 9.99999e-01 9.99999e-01 9.99999e-01 9.99999e-01 7.74672e-01 9.99999e-01 5.44452e-01 9.99173e-01
1.105029377e+00 2.71451e-01 9.90477e-01 9.99999e-01 9.99999e-01 9.99999e-01 9.99999e-01 4.97255e-01 9.99999e-01 5.51030e-01 9.98573e-01
1.110554523e+00 9.09131e-02 6.06745e-01 9.99999e-01 9.99999e-01 9.99999e-01 9.99999e-01 2.03600e-01 9.99999e-01 5.57555e-01 9.97058e-01
1.116107296e+00 1.55585e-02 3.50899e-01 9.99999e-01 9.99999e-01 9.99999e-01 9.99999e-01 6.41140e-02 9.99999e-01 5.64026e-01 9.89122e-01
1.121687832e+00 2.75334e-02 6.34723e-01 9.99999e-01 9.99999e-01 9.99999e-01 9.99999e-01 6.32703e-02 9.99999e-01 5.70442e-01 9.68608e-01
1.127296272e+00 6.39528e-02 5.73716e-01 9.99999e-01 9.99999e-01 9.99999e-01 9.99999e-01 1.59395e-01 9.99999e-01 5.76802e-01 9.55821e-01
1.132932753e+00 2.00998e-02 2.11812e-01 9.99999e-01 9.99999e-01 9.99999e-01 9.99999e-01 1.15126e-01 9.99999e-01 5.83105e-01 9.60002e-01
1.138597417e+00 6.96353e-02 3.15857e-01 9.99999e-01 9.99999e-01 9.99999e-01 9.99999e-01 3.38601e-01 9.99999e-01 5.89351e-01 9.67952e-01
1.144290404e+00 8.22301e-02 6.85729e-01 9.99999e-01 9.99999e-01 9.99999e-01 9.99999e-01 1.87076e-01 9.99999e-01 5.95538e-01 9.71361e-01
1.150011856e+00 7.12283e-02 7.38309e-01 9.99999e-01 9.99999e-01 9.99999e-01 9.99999e-01 1.55490e-01 9.99999e-01 6.01667e-01 9.79856e-01
1.155761915e+00 6.51544e-02 7.02142e-01 9.99999e-01 9.99999e-01 9.99999e-01 9.99999e-01 1.44135e-01 9.99999e-01 6.07735e-01 9.92536e-01
1.161540725e+00 1.15180e-01 7.94499e-01 9.99999e-01 9.99999e-01 9.99999e-01 9.99999e-01 2.32062e-01 9.99999e-01 6.13743e-01 9.98239e-01
1.167348428e+00 1.90209e-01 8.91386e-01 9.99999e-01 9.99999e-01 9.99999e-01 9.99999e-01 3.39312e-01 9.99999e-01 6.19689e-01 9.99277e-01
1.173185171e+00 3.19801e-01 9.81759e-01 9.99999e-01 9.99999e-01 9.99999e-01 9.99999e-01 5.20062e-01 9.99999e-01 6.25575e-01 9.99233e-01
1.179051096e+00 4.29116e-01 9.87806e-01 9.99999e-01 9.99877e-01 9.99999e-01 9.99999e-01 6.88362e-01 9.99999e-01 6.31398e-01 9.98784e-01
1.184946352e+00 4.99738e-01 9.84397e-01 9.99999e-01 9.99730e-01 9.99999e-01 9.99999e-01 7.97811e-01 9.99999e-01 6.37159e-01 9.98555e-01
1.190871084e+00 5.43370e-01 9.68679e-01 9.99999e-01 9.99930e-01 9.99999e-01 9.99999e-01 8.71895e-01 9.99999e-01 6.42857e-01 9.98877e-01
1.196825439e+00 4.07263e-01 6.87296e-01 9.99999e-01 9.99908e-01 9.99999e-01 9.99999e-01 9.04152e-01 9.99999e-01 6.48492e-01 9.99029e-01
1.202809566e+00 1.67360e-02 2.68288e-02 9.99999e-01 9.99966e-01 9.99999e-01 9.99999e-01 9.07227e-01 9.99999e-01 6.54063e-01 9.99022e-01
1.208823614e+00 1.58600e-138 2.51890e-138 9.99999e-01 9.99981e-01 9.99999e-01 9.99999e-01 9.13918e-01 9.99999e-01 6.59571e-01 9.99300e-01
1.214867732e+00 5.20697e-101 8.16244e-101 9.99999e-01 9.99993e-01 9.99999e-01 9.99999e-01 9.20463e-01 9.99999e-01 6.65015e-01 9.99598e-01
1.220942071e+00 9.45488e-87 1.45288e-86 9.99999e-01 9.99997e-01 9.99999e-01 9.99999e-01 9.43398e-01 9.99999e-01 6.70396e-01 9.99764e-01
1.227046781e+00 2.48281e-61 3.76682e-61 9.99999e-01 9.99998e-01 9.99999e-01 9.99999e-01 9.58643e-01 9.99999e-01 6.75712e-01 9.99877e-01
1.233182015e+00 1.08332e-49 1.61474e-49 9.99999e-01 9.99999e-01 9.99999e-01 9.99999e-01 9.70932e-01 9.99999e-01 6.80964e-01 9.99960e-01
1.239347925e+00 3.92838e-33 5.78096e-33 9.99999e-01 9.99999e-01 9.99999e-01 9.99999e-01 9.80192e-01 9.99999e-01 6.86152e-01 9.99989e-01
1.245544665e+00 1.52769e-13 2.22408e-13 9.99999e-01 9.99999e-01 9.99999e-01 9.99999e-01 9.86895e-01 9.99999e-01 6.91276e-01 9.99994e-01
1.251772388e+00 1.83514e-05 2.65167e-05 9.99999e-01 9.99999e-01 9.99999e-01 9.99999e-01 9.89206e-01 9.99999e-01 6.96336e-01 9.99993e-01
1.258031250e+00 4.28187e-03 6.14713e-03 9.99999e-01 9.99999e-01 9.99999e-01 9.99999e-01 9.89480e-01 9.99999e-01 7.01332e-01 9.99990e-01
1.264321406e+00 1.50819e-02 2.15620e-02 9.99999e-01 9.99999e-01 9.99999e-01 9.99999e-01 9.86856e-01 9.99999e-01 7.06264e-01 9.99984e-01
1.270643013e+00 1.68898e-01 2.41469e-01 9.99999e-01 9.99999e-01 9.99999e-01 9.99999e-01 9.78680e-01 9.99999e-01 7.11132e-01 9.99973e-01
1.276996228e+00 3.38076e-01 4.88017e-01 9.99999e-01 9.99999e-01 9.99999e-01 9.99999e-01 9.61679e-01 9.99999e-01 7.15937e-01 9.99956e-01
1.283381209e+00 2.07289e-02 2.96162e-02 9.99999e-01 9.99999e-01 9.99999e-01 9.99999e-01 9.35943e-01 9.99999e-01 7.20678e-01 9.99926e-01
1.289798116e+00 3.00301e-12 4.45410e-12 9.99999e-01 9.99999e-01 9.99999e-01 9.99999e-01 8.76542e-01 9.99999e-01 7.25356e-01 9.99861e-01
1.296247106e+00 1.91813e-05 2.84251e-05 9.99999e-01 9.99999e-01 9.99999e-01 9.99999e-01 8.19105e-01 9.99999e-01 7.29971e-01 9.99726e-01
1.302728342e+00 5.13378e-03 8.54078e-03 9.99999e-01 9.99999e-01 9.99999e-01 9.99999e-01 7.46719e-01 9.99999e-01 7.34523e-01 9.99422e-01
1.309241983e+00 5.43317e-03 8.88159e-03 9.99999e-01 9.99999e-01 9.99999e-01 9.99999e-01 7.47131e-01 9.99999e-01 7.39013e-01 9.98799e-01
1.315788193e+00 1.22688e-36 1.97386e-36 9.99999e-01 9.99999e-01 9.99999e-01 9.99999e-01 6.89643e-01 9.99999e-01 7.43441e-01 9.97709e-01
1.322367134e+00 2.67071e-21 4.32645e-21 9.99999e-01 9.99999e-01 9.99999e-01 9.99999e-01 6.18247e-01 9.99999e-01 7.47808e-01 9.96291e-01
1.328978970e+00 2.25694e-11 4.20951e-11 9.99999e-01 9.99999e-01 9.99999e-01 9.99999e-01 4.60108e-01 9.99999e-01 7.52113e-01 9.93638e-01
1.335623865e+00 6.12738e-11 2.02695e-10 9.99999e-01 9.99999e-01 9.99999e-01 9.99999e-01 1.23712e-01 9.99999e-01 7.56357e-01 9.88194e-01
1.342301984e+00 5.50441e-13 5.59856e-11 9.99999e-01 9.99999e-01 9.99999e-01 9.99999e-01 1.08684e-03 9.99999e-01 7.60540e-01 9.74627e-01
1.349013494e+00 1.67260e-18 3.55918e-13 9.99999e-01 9.99999e-01 9.99999e-01 9.99999e-01 2.06394e-07 9.99999e-01 7.64663e-01 9.14824e-01
1.355758561e+00 5.21374e-22 2.20963e-08 9.99999e-01 9.99999e-01 9.99999e-01 9.99999e-01 2.24712e-15 9.99999e-01 7.68727e-01 7.14755e-01
1.362537354e+00 1.83531e-13 2.21812e-04 9.99999e-01 9.99999e-01 9.99999e-01 9.99999e-01 2.08097e-10 9.99999e-01 7.72731e-01 4.92605e-01
1.369350041e+00 3.61023e-09 6.68751e-02 9.99999e-01 9.99999e-01 9.99999e-01 9.99999e-01 2.63590e-08 9.99999e-01 7.76676e-01 4.68737e-01
1.376196791e+00 3.64103e-07 8.79969e-02 9.99999e-01 9.99999e-01 9.99999e-01 9.99999e-01 3.47038e-06 9.99999e-01 7.80563e-01 5.32031e-01
1.383077775e+00 8.72854e-10 1.24324e-01 9.99999e-01 9.99999e-01 9.99999e-01 9.99999e-01 8.10527e-09 9.99999e-01 7.84392e-01 5.54857e-01
1.389993164e+00 5.65667e-11 9.59257e-02 9.99999e-01 9.99999e-01 9.99999e-01 9.99999e-01 6.46350e-10 9.99999e-01 7.88163e-01 5.74614e-01
1.396943130e+00 1.58443e-09 2.58723e-01 9.99999e-01 9.99999e-01 9.99999e-01 9.99999e-01 8.33997e-09 9.99999e-01 7.91878e-01 6.11954e-01
1.403927846e+00 3.77259e-08 5.37898e-01 9.99999e-01 9.99999e-01 9.99999e-01 9.99999e-01 7.96927e-08 9.99999e-01 7.95537e-01 7.28139e-01
1.410947485e+00 5.40597e-09 8.94929e-01 9.99999e-01 9.99999e-01 9.99999e-01 9.99999e-01 8.28144e-09 9.99999e-01 7.99139e-01 8.57986e-01
1.418002222e+00 2.53151e-07 8.95708e-01 9.99999e-01 9.99999e-01 9.99999e-01 9.99999e-01 3.39919e-07 9.99999e-01 8.02686e-01 9.37776e-01
1.425092233e+00 6.45425e-07 1.31698e-01 9.99999e-01 9.99999e-01 9.99999e-01 9.99999e-01 1.41548e-06 9.99999e-01 8.06179e-01 9.60232e-01
1.432217694e+00 4.75043e-212 4.38887e-209 9.99999e-01 9.99999e-01 9.99999e-01 9.99999e-01 7.69013e-05 9.99999e-01 8.09617e-01 9.56492e-01
1.439378783e+00 0.00000e+00 0.00000e+00 9.99999e-01 9.99999e-01 9.99999e-01 9.99999e-01 4.83334e-04 9.99999e-01 8.13001e-01 9.50190e-01
1.446575677e+00 0.00000e+00 0.00000e+00 9.99999e-01 9.99999e-01 9.99999e-01 9.99999e-01 5.32073e-03 9.99999e-01 8.16332e-01 9.53505e-01
1.453808555e+00 0.00000e+00 0.00000e+00 9.99999e-01 9.99999e-01 9.99999e-01 9.99999e-01 2.29120e-02 9.99999e-01 8.19611e-01 9.62328e-01
1.461077598e+00 0.00000e+00 0.00000e+00 9.99999e-01 9.99999e-01 9.99999e-01 9.99999e-01 5.28836e-02 9.99999e-01 8.22838e-01 9.67680e-01
1.468382986e+00 2.00098e-213 2.21642e-212 9.99999e-01 9.99999e-01 9.99999e-01 9.99999e-01 2.88294e-02 9.99999e-01 8.26013e-01 9.66829e-01
1.475724901e+00 8.72219e-54 8.67854e-53 9.99999e-01 9.99999e-01 9.99999e-01 9.99999e-01 4.05046e-02 9.99999e-01 8.29138e-01 9.74581e-01
1.483103525e+00 5.45343e-47 4.85038e-46 9.99999e-01 9.99999e-01 9.99999e-01 9.99999e-01 5.73107e-02 9.99999e-01 8.32212e-01 9.87039e-01
1.490519043e+00 4.00303e-37 1.86480e-36 9.99999e-01 9.99999e-01 9.99999e-01 9.99999e-01 1.12275e-01 9.99999e-01 8.35237e-01 9.94172e-01
1.497971638e+00 2.95865e-24 8.28941e-24 9.99999e-01 9.99999e-01 9.99999e-01 9.99999e-01 2.05960e-01 9.99999e-01 8.38212e-01 9.97604e-01
1.505461496e+00 3.07857e-11 8.08581e-11 9.99999e-01 9.99999e-01 9.99999e-01 9.99999e-01 3.14837e-01 9.99999e-01 8.41140e-01 9.98885e-01
1.512988804e+00 3.51974e-12 6.34573e-12 9.99999e-01 9.99999e-01 9.99999e-01 9.99999e-01 4.75761e-01 9.99999e-01 8.44019e-01 9.99446e-01
1.520553748e+00 1.29065e-33 1.89748e-33 9.99999e-01 9.99999e-01 9.99999e-01 9.99999e-01 6.41120e-01 9.99999e-01 8.46851e-01 9.99792e-01
1.528156517e+00 5.27371e-184 7.52042e-184 9.99999e-01 9.99999e-01 9.99999e-01 9.99999e-01 7.18261e-01 9.99999e-01 8.49636e-01 9.99928e-01
1.535797299e+00 4.42420e-138 5.74786e-138 9.99999e-01 9.99999e-01 9.99999e-01 9.99999e-01 8.23688e-01 9.99999e-01 8.52375e-01 9.99968e-01
1.543476286e+00 1.37430e-57 1.69962e-57 9.99999e-01 9.99999e-01 9.99999e-01 9.99999e-01 8.70330e-01 9.99999e-01 8.55068e-01 9.99983e-01
1.551193667e+00 1.62847e-18 1.98554e-18 9.99999e-01 9.99488e-01 9.99999e-01 9.99999e-01 9.20506e-01 9.99999e-01 8.57717e-01 9.99991e-01
1.558949636e+00 7.64561e-18 9.26552e-18 9.99999e-01 9.43221e-01 9.99999e-01 9.99999e-01 9.44087e-01 9.99999e-01 8.60321e-01 9.99993e-01
1.566744384e+00 3.38979e-45 4.05322e-45 9.99999e-01 9.30196e-01 9.99999e-01 9.99999e-01 9.63365e-01 9.99999e-01 8.62882e-01 9.99994e-01
1.574578106e+00 0.00000e+00 0.00000e+00 9.99999e-01 9.82930e-01 9.99999e-01 9.99999e-01 9.75075e-01 9.99999e-01 8.65399e-01 9.99995e-01
1.582450996e+00 0.00000e+00 0.00000e+00 9.99999e-01 9.64903e-01 9.99999e-01 9.99999e-01 9.83009e-01 9.99999e-01 8.67873e-01 9.99994e-01
1.590363251e+00 0.00000e+00 0.00000e+00 9.99999e-01 9.71953e-01 9.99999e-01 9.99999e-01 9.84671e-01 9.99999e-01 8.70306e-01 9.99991e-01
1.598315067e+00 0.00000e+00 0.00000e+00 9.99999e-01 9.83779e-01 9.99999e-01 9.99999e-01 9.90034e-01 9.99999e-01 8.72697e-01 9.99991e-01
1.606306643e+00 0.00000e+00 0.00000e+00 9.99999e-01 9.92120e-01 9.99999e-01 9.99999e-01 9.89251e-01 9.99999e-01 8.75048e-01 9.99991e-01
1.614338176e+00 0.00000e+00 0.00000e+00 9.99999e-01 9.96471e-01 9.99999e-01 9.99999e-01 9.89988e-01 9.99999e-01 8.77358e-01 9.99991e-01
1.622409867e+00 0.00000e+00 0.00000e+00 9.99999e-01 9.98279e-01 9.99999e-01 9.99999e-01 9.89217e-01 9.99999e-01 8.79628e-01 9.99991e-01
1.630521916e+00 0.00000e+00 0.00000e+00 9.99999e-01 9.99306e-01 9.99999e-01 9.99999e-01 9.80798e-01 9.99999e-01 8.81859e-01 9.99989e-01
1.638674526e+00 9.23064e-166 1.05413e-165 9.99999e-01 9.99713e-01 9.99999e-01 9.99999e-01 9.81101e-01 9.99999e-01 8.84052e-01 9.99983e-01
1.646867898e+00 2.94098e-108 3.36031e-108 9.99999e-01 9.99908e-01 9.99999e-01 9.99999e-01 9.65267e-01 9.99999e-01 8.86207e-01 9.99977e-01
1.655102238e+00 7.23679e-111 8.30051e-111 9.99999e-01 9.99973e-01 9.99999e-01 9.99999e-01 9.60126e-01 9.99999e-01 8.88324e-01 9.99972e-01
1.663377749e+00 4.42236e-110 5.10358e-110 9.99999e-01 9.99990e-01 9.99999e-01 9.99999e-01 9.47406e-01 9.99999e-01 8.90404e-01 9.99971e-01
1.671694638e+00 1.52550e-84 1.78083e-84 9.99999e-01 9.99997e-01 9.99999e-01 9.99999e-01 9.12228e-01 9.99999e-01 8.92448e-01 9.99967e-01
1.680053111e+00 5.88009e-49 6.74801e-49 9.99999e-01 9.99999e-01 9.99999e-01 9.99999e-01 9.33219e-01 9.99999e-01 8.94456e-01 9.99954e-01
1.688453377e+00 5.39398e-30 6.37297e-30 9.99999e-01 9.99999e-01 9.99999e-01 9.99999e-01 8.86552e-01 9.99999e-01 8.96429e-01 9.99930e-01
1.696895643e+00 5.06837e-11 6.03162e-11 9.99999e-01 9.99999e-01 9.99999e-01 9.99999e-01 8.50357e-01 9.99999e-01 8.98367e-01 9.99892e-01
1.705380122e+00 6.08373e-04 7.24800e-04 9.99999e-01 9.99998e-01 9.99999e-01 9.99999e-01 8.71400e-01 9.99999e-01 9.00271e-01 9.99834e-01
1.713907022e+00 5.11736e-03 6.51064e-03 9.99999e-01 9.99999e-01 9.99999e-01 9.99999e-01 8.32428e-01 9.99999e-01 9.02141e-01 9.99742e-01
1.722476557e+00 2.70571e-02 3.96910e-02 9.99999e-01 9.99999e-01 9.99999e-01 9.99999e-01 7.21713e-01 9.99999e-01 9.03978e-01 9.99627e-01
1.731088940e+00 1.41473e-01 2.01757e-01 9.99999e-01 9.99999e-01 9.99999e-01 9.99999e-01 7.20960e-01 9.99999e-01 9.05782e-01 9.99454e-01
1.739744385e+00 2.88935e-01 5.28818e-01 9.99999e-01 9.99999e-01 9.99999e-01 9.99999e-01 5.82480e-01 9.99999e-01 9.07554e-01 9.99133e-01
1.748443107e+00 7.14402e-02 1.34046e-01 9.99999e-01 9.99999e-01 9.99999e-01 9.99999e-01 4.27689e-01 9.99999e-01 9.09295e-01 9.98632e-01
1.757185322e+00 2.66315e-10 5.48750e-10 9.99999e-01 9.99999e-01 9.99999e-01 9.99999e-01 1.88454e-01 9.99999e-01 9.11004e-01 9.97714e-01
1.765971249e+00 1.06657e-56 3.76247e-56 9.99999e-01 9.99999e-01 9.99999e-01 9.99999e-01 7.31232e-02 9.99999e-01 9.12683e-01 9.96103e-01
1.774801105e+00 9.76220e-41 1.77958e-39 9.99999e-01 9.99999e-01 9.99999e-01 9.99999e-01 9.63747e-03 9.99999e-01 9.14332e-01 9.93231e-01
1.783675111e+00 1.99095e-41 2.69369e-39 9.99999e-01 9.99999e-01 9.99999e-01 9.99999e-01 1.01994e-03 9.99999e-01 9.15951e-01 9.89442e-01
1.792593486e+00 2.22232e-43 2.42133e-40 9.99999e-01 9.99999e-01 9.99999e-01 9.99999e-01 6.59674e-05 9.99999e-01 9.17540e-01 9.81645e-01
1.801556454e+00 1.36143e-50 4.36397e-46 9.99999e-01 9.99999e-01 9.99999e-01 9.99999e-01 1.38389e-06 9.99999e-01 9.19101e-01 9.63057e-01
1.810564236e+00 1.60892e-43 1.16577e-34 9.99999e-01 9.99999e-01 9.99999e-01 9.99999e-01 9.61650e-11 9.99999e-01 9.20634e-01 9.15688e-01
1.819617057e+00 2.99030e-45 2.89231e-36 9.99999e-01 9.99999e-01 9.99999e-01 9.99999e-01 9.55617e-11 9.99999e-01 9.22139e-01 8.29549e-01
1.828715142e+00 8.53068e-27 7.86367e-18 9.99999e-01 9.99999e-01 9.99999e-01 9.99999e-01 5.32474e-11 9.99999e-01 9.23617e-01 6.70342e-01
1.837858718e+00 6.66486e-25 1.21761e-11 9.99999e-01 9.99999e-01 9.99999e-01 9.99999e-01 8.15578e-15 9.99999e-01 9.25068e-01 4.69361e-01
1.847048012e+00 8.84662e-13 9.56189e-04 9.99999e-01 9.99999e-01 9.99999e-01 9.99999e-01 3.41944e-10 9.99999e-01 9.26492e-01 3.61061e-01
1.856283252e+00 7.32974e-13 3.37987e-03 9.99999e-01 9.99999e-01 9.99999e-01 9.99999e-01 2.82808e-10 9.99999e-01 9.27890e-01 3.50321e-01
1.865564668e+00 5.70778e-19 1.53365e-04 9.99999e-01 9.99999e-01 9.99999e-01 9.99999e-01 3.69503e-16 9.99999e-01 9.29263e-01 3.68564e-01
1.874892491e+00 1.17370e-28 1.31659e-22 9.99999e-01 9.99999e-01 9.99999e-01 9.99999e-01 1.04009e-07 9.99999e-01 9.30610e-01 4.19251e-01
1.884266954e+00 9.58809e-136 3.53618e-130 9.99999e-01 9.99999e-01 9.99999e-01 9.99999e-01 5.93127e-07 9.99999e-01 9.31933e-01 4.72695e-01
1.893688289e+00 1.41307e-209 1.72359e-205 9.99999e-01 9.99999e-01 9.99999e-01 9.99999e-01 1.38902e-05 9.99999e-01 9.33232e-01 4.83510e-01
1.903156730e+00 4.76631e-209 5.65902e-205 9.99999e-01 9.99999e-01 9.99999e-01 9.99999e-01 5.45121e-06 9.99999e-01 9.34506e-01 4.96046e-01
1.912672514e+00 5.76263e-180 8.02410e-172 9.99999e-01 9.99999e-01 9.99999e-01 9.99999e-01 5.94381e-10 9.99999e-01 9.35758e-01 5.73672e-01
1.922235876e+00 4.99666e-182 8.00526e-172 9.99999e-01 9.99999e-01 9.99999e-01 9.99999e-01 2.86775e-12 9.99999e-01 9.36986e-01 7.37052e-01
1.931847056e+00 0.00000e+00 0.00000e+00 9.99999e-01 9.99999e-01 9.99999e-01 9.99999e-01 9.86258e-14 9.99999e-01 9.38191e-01 8.62479e-01
1.941506291e+00 0.00000e+00 0.00000e+00 9.99999e-01 9.99999e-01 9.99999e-01 9.99999e-01 1.02691e-09 9.99999e-01 9.39374e-01 9.38444e-01
1.951213822e+00 0.00000e+00 0.00000e+00 9.99999e-01 9.99999e-01 9.99999e-01 9.99999e-01 8.06702e-07 9.99999e-01 9.40535e-01 9.74269e-01
1.960969892e+00 0.00000e+00 0.00000e+00 9.99999e-01 9.99999e-01 9.99999e-01 9.99999e-01 1.78002e-05 9.99999e-01 9.41675e-01 9.87760e-01
1.970774741e+00 0.00000e+00 0.00000e+00 9.99999e-01 9.99999e-01 9.99999e-01 9.99999e-01 3.11720e-04 9.99999e-01 9.42793e-01 9.93629e-01
1.980628615e+00 0.00000e+00 0.00000e+00 9.99999e-01 9.99999e-01 9.99999e-01 9.99999e-01 1.07476e-02 9.99999e-01 9.43891e-01 9.96559e-01
1.990531758e+00 0.00000e+00 0.00000e+00 9.99999e-01 9.99999e-01 9.99999e-01 9.99999e-01 3.41818e-02 9.99999e-01 9.44968e-01 9.98132e-01
2.000484417e+00 0.00000e+00 0.00000e+00 9.99999e-01 9.99999e-01 9.99999e-01 9.99999e-01 1.11597e-01 9.99999e-01 9.46025e-01 9.98945e-01
2.010486839e+00 0.00000e+00 0.00000e+00 9.99999e-01 9.99999e-01 9.99999e-01 9.99999e-01 2.12612e-01 9.99999e-01 9.47063e-01 9.99398e-01
2.020539273e+00 0.00000e+00 0.00000e+00 9.99999e-01 9.99999e-01 9.99999e-01 9.99999e-01 3.68538e-01 9.99999e-01 9.48081e-01 9.99605e-01
2.030641969e+00 0.00000e+00 0.00000e+00 9.99999e-01 9.99999e-01 9.99999e-01 9.99999e-01 4.58126e-01 9.99999e-01 9.49080e-01 9.99694e-01
2.040795179e+00 0.00000e+00 0.00000e+00 9.99999e-01 9.99999e-01 9.99999e-01 9.99999e-01 5.90351e-01 9.99999e-01 9.50060e-01 9.99714e-01
2.050999155e+00 0.00000e+00 0.00000e+00 9.99998e-01 9.99999e-01 9.99999e-01 9.99999e-01 7.15065e-01 9.99999e-01 9.51022e-01 9.99634e-01
2.061254151e+00 0.00000e+00 0.00000e+00 9.99997e-01 9.99999e-01 9.99999e-01 9.99999e-01 8.26598e-01 9.99999e-01 9.51965e-01 9.99453e-01
2.071560421e+00 0.00000e+00 0.00000e+00 9.99995e-01 9.99999e-01 9.99999e-01 9.99999e-01 8.24938e-01 9.99999e-01 9.52892e-01 9.99133e-01
2.081918224e+00 0.00000e+00 0.00000e+00 9.99991e-01 9.99999e-01 9.99999e-01 9.99999e-01 8.72401e-01 9.99999e-01 9.53800e-01 9.98635e-01
2.092327815e+00 0.00000e+00 0.00000e+00 9.99988e-01 9.99999e-01 9.99999e-01 9.99999e-01 9.06319e-01 9.99999e-01 9.54692e-01 9.97907e-01
2.102789454e+00 0.00000e+00 0.00000e+00 9.99986e-01 9.99999e-01 9.99999e-01 9.99999e-01 9.09022e-01 9.99999e-01 9.55566e-01 9.96963e-01
2.113303401e+00 0.00000e+00 0.00000e+00 9.99983e-01 9.99999e-01 9.99999e-01 9.99999e-01 9.28321e-01 9.99999e-01 9.56425e-01 9.96136e-01
2.123869918e+00 0.00000e+00 0.00000e+00 9.99983e-01 9.99999e-01 9.99999e-01 9.99999e-01 9.53551e-01 9.99999e-01 9.57267e-01 9.95564e-01
2.134489268e+00 0.00000e+00 0.00000e+00 9.99986e-01 9.99999e-01 9.99999e-01 9.99999e-01 9.60144e-01 9.99999e-01 9.58093e-01 9.95122e-01
2.145161714e+00 0.00000e+00 0.00000e+00 9.99993e-01 9.99999e-01 9.99999e-01 9.99999e-01 9.62454e-01 9.99999e-01 9.58903e-01 9.94216e-01
2.155887523e+00 7.35748e-166 7.94181e-166 9.99982e-01 9.99999e-01 9.99999e-01 9.99999e-01 9.59578e-01 9.99999e-01 9.59699e-01 9.93049e-01
2.166666960e+00 1.32935e-88 1.43183e-88 9.99979e-01 9.99999e-01 9.99999e-01 9.99999e-01 9.60507e-01 9.99999e-01 9.60479e-01 9.93784e-01
2.177500295e+00 3.09973e-63 3.33137e-63 9.99992e-01 9.99999e-01 9.99999e-01 9.99999e-01 9.55013e-01 9.99999e-01 9.61244e-01 9.95659e-01
2.188387796e+00 9.44877e-35 1.01434e-34 9.99992e-01 9.99999e-01 9.99999e-01 9.99999e-01 9.52535e-01 9.99999e-01 9.61995e-01 9.96427e-01
2.199329735e+00 8.07797e-24 8.70117e-24 9.99993e-01 9.99999e-01 9.99999e-01 9.99999e-01 9.23240e-01 9.99999e-01 9.62731e-01 9.97156e-01
2.210326384e+00 2.24747e-07 2.42232e-07 9.99994e-01 9.99999e-01 9.99999e-01 9.99999e-01 9.46911e-01 9.99999e-01 9.63454e-01 9.97950e-01
2.221378016e+00 2.45097e-05 2.73463e-05 9.99995e-01 9.99999e-01 9.99999e-01 9.99999e-01 8.89432e-01 9.99999e-01 9.64162e-01 9.98657e-01
2.232484906e+00 1.00259e-03 1.09609e-03 9.99996e-01 9.99999e-01 9.99999e-01 9.99999e-01 9.34661e-01 9.99999e-01 9.64858e-01 9.99191e-01
2.243647331e+00 3.86915e-03 4.48167e-03 9.99997e-01 9.99999e-01 9.99999e-01 9.99999e-01 8.54247e-01 9.99999e-01 9.65540e-01 9.99494e-01
2.254865567e+00 1.56315e-02 1.75237e-02 9.99998e-01 9.99999e-01 9.99999e-01 9.99999e-01 9.06944e-01 9.99999e-01 9.66209e-01 9.99658e-01
2.266139895e+00 1.97766e-02 2.44304e-02 9.99998e-01 9.99999e-01 9.99999e-01 9.99999e-01 7.81752e-01 9.99999e-01 9.66865e-01 9.99733e-01
2.277470595e+00 2.49698e-03 3.09262e-03 9.99998e-01 9.99620e-01 9.99999e-01 9.99999e-01 7.98672e-01 9.99999e-01 9.67509e-01 9.99730e-01
2.288857948e+00 2.15103e-02 2.90247e-02 9.99999e-01 9.38097e-01 9.99999e-01 9.99999e-01 7.23601e-01 9.99999e-01 9.68140e-01 9.99674e-01
2.300302237e+00 1.27739e-02 7.22755e-02 9.99999e-01 1.96077e-01 9.99999e-01 9.99999e-01 6.87902e-01 9.99999e-01 9.68760e-01 9.99594e-01
2.311803748e+00 1.23273e-04 2.41201e-02 9.99999e-01 2.44683e-03 9.99999e-01 9.99999e-01 5.77730e-01 9.99999e-01 9.69367e-01 9.99467e-01
2.323362767e+00 1.78029e-06 1.96073e-02 9.99999e-01 7.06463e-05 9.99999e-01 9.99999e-01 4.77383e-01 9.99999e-01 9.69963e-01 9.99301e-01
2.334979581e+00 3.98834e-05 4.23607e-03 9.99999e-01 4.16128e-03 9.99999e-01 9.99999e-01 5.68232e-01 9.99999e-01 9.70547e-01 9.99044e-01
2.346654479e+00 8.50729e-04 1.08087e-02 9.99999e-01 1.31311e-01 9.99999e-01 9.99999e-01 2.98514e-01 9.99999e-01 9.71121e-01 9.98707e-01
2.358387751e+00 2.30045e-03 1.86670e-01 9.99999e-01 1.73082e-02 9.99999e-01 9.99999e-01 3.01745e-01 9.99999e-01 9.71683e-01 9.98069e-01
2.370179690e+00 8.36761e-04 3.84619e-01 9.99999e-01 5.49853e-03 9.99999e-01 9.99999e-01 2.67900e-01 9.99999e-01 9.72234e-01 9.97132e-01
2.382030589e+00 8.54938e-04 2.19177e-01 9.99999e-01 1.26924e-02 9.99999e-01 9.99999e-01 9.62131e-02 9.99999e-01 9.72775e-01 9.96148e-01
2.393940742e+00 2.63175e-03 1.39685e-01 9.99999e-01 5.21613e-02 9.99999e-01 9.99999e-01 1.85908e-01 9.99999e-01 9.73306e-01 9.94722e-01
2.405910445e+00 2.13276e-03 1.02473e-01 9.99999e-01 1.49708e-01 9.99999e-01 9.99999e-01 7.82316e-02 9.99999e-01 9.73826e-01 9.92755e-01
2.417939997e+00 5.81246e-03 2.45108e-01 9.99999e-01 3.43779e-01 9.99999e-01 9.99999e-01 3.09911e-02 9.99999e-01 9.74336e-01 9.90048e-01
2.430029697e+00 3.08852e-02 8.60139e-01 9.99999e-01 5.40048e-01 9.99999e-01 9.99997e-01 5.41058e-02 9.99999e-01 9.74837e-01 9.86196e-01
2.442179846e+00 5.42392e-03 9.63588e-01 9.99999e-01 7.44160e-01 9.99999e-01 9.87730e-01 6.87911e-03 9.99999e-01 9.75328e-01 9.81018e-01
2.454390745e+00 3.66504e-04 2.06965e-01 9.99999e-01 8.57979e-01 9.99999e-01 7.39173e-01 6.55260e-04 9.99999e-01 9.75809e-01 9.72732e-01
2.466662699e+00 2.53554e-07 1.07115e-04 9.99999e-01 9.33711e-01 9.99999e-01 7.04839e-01 1.13854e-04 9.99999e-01 9.76281e-01 9.60400e-01
2.478996012e+00 5.49767e-55 7.31373e-47 9.99999e-01 9.70795e-01 9.99999e-01 6.96634e-01 6.15776e-10 9.99999e-01 9.76744e-01 9.42837e-01
2.491390992e+00 2.20200e-127 1.67753e-117 9.99999e-01 9.87659e-01 9.99999e-01 8.73104e-01 5.03528e-12 9.99999e-01 9.77198e-01 9.18339e-01
2.503847947e+00 2.98384e-145 3.68624e-121 9.99999e-01 9.95141e-01 9.99999e-01 9.85270e-01 2.87222e-26 9.99999e-01 9.77644e-01 8.79337e-01
2.516367187e+00 1.73771e-151 3.72926e-121 9.99999e-01 9.98482e-01 9.99999e-01 9.98171e-01 1.76938e-32 9.99999e-01 9.78080e-01 8.08123e-01
2.528949023e+00 3.99245e-258 2.65922e-202 9.99999e-01 9.99558e-01 9.99999e-01 9.99999e-01 9.23759e-58 9.99999e-01 9.78508e-01 6.86790e-01
2.541593768e+00 7.64391e-295 3.72876e-205 9.99999e-01 9.99870e-01 9.99999e-01 9.99999e-01 1.31774e-91 9.99999e-01 9.78928e-01 4.86093e-01
2.554301737e+00 0.00000e+00 2.79720e-241 9.99999e-01 9.99971e-01 9.99999e-01 9.99999e-01 2.96786e-87 9.99999e-01 9.79340e-01 2.38291e-01
2.567073246e+00 0.00000e+00 0.00000e+00 9.99999e-01 9.99910e-01 9.99999e-01 9.99999e-01 4.79156e-95 9.99999e-01 9.79744e-01 6.36269e-02
2.579908612e+00 0.00000e+00 0.00000e+00 9.99999e-01 9.99632e-01 9.99999e-01 9.99999e-01 3.36217e-139 9.99999e-01 9.80140e-01 7.99777e-03
2.592808155e+00 0.00000e+00 0.00000e+00 9.99999e-01 9.99999e-01 9.99999e-01 9.99999e-01 5.01081e-131 9.99999e-01 9.80529e-01 9.27653e-04
2.605772196e+00 0.00000e+00 0.00000e+00 9.99999e-01 9.99999e-01 9.99999e-01 9.99999e-01 2.33770e-92 9.99999e-01 9.80910e-01 1.91972e-04
2.618801057e+00 0.00000e+00 0.00000e+00 9.99999e-01 9.99999e-01 9.99999e-01 9.99999e-01 4.61938e-78 9.99999e-01 9.81283e-01 1.60105e-04
2.631895062e+00 0.00000e+00 0.00000e+00 9.99999e-01 9.99999e-01 9.99999e-01 9.99999e-01 1.53372e-38 9.99999e-01 9.81649e-01 2.83273e-04
2.645054537e+00 0.00000e+00 0.00000e+00 9.99999e-01 9.99999e-01 9.99999e-01 9.99999e-01 1.46254e-38 9.99999e-01 9.82009e-01 3.54144e-04
2.658279810e+00 0.00000e+00 0.00000e+00 9.99999e-01 9.99999e-01 9.99999e-01 9.99999e-01 7.59928e-68 9.99999e-01 9.82361e-01 3.13718e-04
2.671571209e+00 0.00000e+00 0.00000e+00 9.99999e-01 9.99999e-01 9.99999e-01 9.99999e-01 1.36735e-146 9.99999e-01 9.82706e-01 2.99026e-04
2.684929065e+00 0.00000e+00 0.00000e+00 9.99999e-01 9.99999e-01 9.99999e-01 9.99999e-01 7.39436e-160 9.99999e-01 9.83045e-01 3.87466e-04
2.698353710e+00 0.00000e+00 0.00000e+00 9.99999e-01 9.99999e-01 9.99999e-01 9.99999e-01 1.17443e-101 9.99999e-01 9.83377e-01 5.87185e-04
2.711845479e+00 0.00000e+00 0.00000e+00 9.99999e-01 9.99999e-01 9.99999e-01 9.99807e-01 6.12641e-102 9.99999e-01 9.83703e-01 8.03605e-04
2.725404706e+00 0.00000e+00 0.00000e+00 9.99999e-01 9.99999e-01 9.99999e-01 9.29059e-01 2.69843e-90 9.99999e-01 9.84022e-01 1.62023e-03
2.739031730e+00 0.00000e+00 0.00000e+00 9.99999e-01 9.99999e-01 9.99999e-01 3.17343e-01 2.02206e-92 9.99999e-01 9.84335e-01 3.87868e-03
2.752726889e+00 0.00000e+00 0.00000e+00 9.99999e-01 9.99999e-01 9.99999e-01 1.73248e-01 1.32021e-93 9.99999e-01 9.84642e-01 1.28697e-02
2.766490523e+00 0.00000e+00 0.00000e+00 9.99999e-01 9.99999e-01 9.99999e-01 2.06360e-01 2.17204e-119 9.99999e-01 9.84943e-01 5.39541e-02
2.780322976e+00 0.00000e+00 0.00000e+00 9.99999e-01 9.99999e-01 9.99999e-01 3.43289e-01 1.88521e-108 9.99999e-01 9.85238e-01 1.60755e-01
2.794224591e+00 0.00000e+00 0.00000e+00 9.99999e-01 9.99999e-01 9.99999e-01 7.53867e-01 9.69979e-88 9.99999e-01 9.85528e-01 3.36812e-01
2.808195713e+00 0.00000e+00 0.00000e+00 9.99999e-01 9.99999e-01 9.99999e-01 9.83236e-01 3.18466e-89 9.99999e-01 9.85811e-01 4.71155e-01
2.822236692e+00 0.00000e+00 0.00000e+00 9.99999e-01 9.99999e-01 9.99999e-01 9.87779e-01 1.73291e-68 9.99999e-01 9.86090e-01 5.85290e-01
2.836347875e+00 0.00000e+00 0.00000e+00 9.99999e-01 9.99999e-01 9.99999e-01 9.99962e-01 4.72273e-56 9.99999e-01 9.86363e-01 7.05818e-01
2.850529615e+00 0.00000e+00 0.00000e+00 9.99999e-01 9.99999e-01 9.99999e-01 9.98597e-01 9.80586e-56 9.99999e-01 9.86630e-01 7.90660e-01
2.864782263e+00 0.00000e+00 0.00000e+00 9.99999e-01 9.99999e-01 9.99999e-01 9.82077e-01 3.01832e-43 9.99999e-01 9.86892e-01 8.41057e-01
2.879106174e+00 0.00000e+00 0.00000e+00 9.99999e-01 9.99999e-01 9.99999e-01 9.71672e-01 7.80219e-32 9.99999e-01 9.87150e-01 8.78406e-01
2.893501705e+00 0.00000e+00 0.00000e+00 9.99999e-01 9.99999e-01 9.99999e-01 9.41539e-01 6.00531e-29 9.99999e-01 9.87402e-01 9.16530e-01
2.907969214e+00 0.00000e+00 0.00000e+00 9.99999e-01 9.99999e-01 9.99999e-01 9.51562e-01 1.80858e-18 9.99999e-01 9.87649e-01 9.40900e-01
2.922509060e+00 0.00000e+00 0.00000e+00 9.99999e-01 9.99999e-01 9.99999e-01 9.63109e-01 1.55710e-12 9.99999e-01 9.87892e-01 9.51708e-01
2.937121605e+00 0.00000e+00 0.00000e+00 9.99999e-01 9.99999e-01 9.99999e-01 9.70859e-01 7.65548e-12 9.99999e-01 9.88129e-01 9.61979e-01
2.951807213e+00 0.00000e+00 0.00000e+00 9.99999e-01 9.99999e-01 9.99999e-01 9.91880e-01 8.18299e-13 9.99999e-01 9.88362e-01 9.68310e-01
2.966566249e+00 0.00000e+00 0.00000e+00 9.99999e-01 9.99999e-01 9.99999e-01 9.99399e-01 1.42133e-12 9.99999e-01 9.88591e-01 9.71337e-01
2.981399080e+00 0.00000e+00 0.00000e+00 9.99999e-01 9.99999e-01 9.99999e-01 9.88249e-01 7.46343e-10 9.99999e-01 9.88815e-01 9.73561e-01
2.996306076e+00 0.00000e+00 0.00000e+00 9.99999e-01 9.99999e-01 9.99999e-01 9.99999e-01 1.36729e-09 9.99999e-01 9.89035e-01 9.73486e-01
3.011287606e+00 0.00000e+00 0.00000e+00 9.99999e-01 9.99999e-01 9.99999e-01 9.99999e-01 1.14808e-06 9.99999e-01 9.89250e-01 9.71236e-01
3.026344044e+00 0.00000e+00 0.00000e+00 9.99999e-01 9.99999e-01 9.99999e-01 9.99999e-01 9.40455e-06 9.99999e-01 9.89461e-01 9.65612e-01
3.041475764e+00 8.20278e-301 4.88360e-296 9.99999e-01 9.99999e-01 9.99999e-01 9.99999e-01 2.13684e-06 9.99999e-01 9.89668e-01 9.57313e-01
3.056683143e+00 7.02472e-143 1.21414e-139 9.99999e-01 9.99999e-01 9.99999e-01 9.99999e-01 1.22393e-04 9.99999e-01 9.89871e-01 9.51230e-01
3.071966559e+00 1.38314e-101 6.29173e-96 9.99999e-01 9.99999e-01 9.99999e-01 9.99999e-01 1.16507e-04 9.99999e-01 9.90070e-01 4.26606e-03
3.087326392e+00 3.20098e-100 1.22816e-94 9.99999e-01 9.99999e-01 9.99999e-01 9.99999e-01 1.60303e-04 9.99999e-01 9.90266e-01 4.82368e-03
3.102763024e+00 1.58984e-106 1.15591e-96 9.99999e-01 9.99999e-01 9.99999e-01 9.99999e-01 5.70364e-04 9.99999e-01 9.90457e-01 5.47059e-08
3.118276839e+00 2.37465e-104 6.47521e-81 9.99999e-01 9.99999e-01 9.99999e-01 9.99999e-01 1.81418e-03 9.99999e-01 9.90645e-01 3.39717e-22
3.133868223e+00 4.78948e-91 1.94348e-69 9.99999e-01 9.99999e-01 9.99999e-01 9.99999e-01 3.26638e-03 9.99999e-01 9.90828e-01 2.35093e-20
3.149537564e+00 1.76289e-76 6.35996e-73 9.99999e-01 9.99999e-01 9.99999e-01 9.99999e-01 8.75554e-03 9.99999e-01 9.91009e-01 8.34526e-03
3.165285252e+00 1.41598e-103 3.65374e-91 9.99999e-01 9.99999e-01 9.99999e-01 9.99999e-01 3.86956e-02 9.99999e-01 9.91186e-01 4.32827e-12
3.181111678e+00 2.10000e-112 9.80752e-94 9.99999e-01 9.99999e-01 9.99999e-01 9.99999e-01 1.92005e-02 9.99999e-01 9.91359e-01 5.21654e-18
3.197017237e+00 4.69903e-101 1.52328e-66 9.99999e-01 9.99999e-01 9.99999e-01 9.99999e-01 1.09135e-03 9.99999e-01 9.91529e-01 1.33748e-33
3.213002323e+00 6.35070e-114 1.51044e-63 9.99999e-01 9.99999e-01 9.99999e-01 9.99999e-01 4.50193e-04 9.99999e-01 9.91695e-01 1.90152e-48
3.229067334e+00 3.70820e-126 1.83325e-53 9.99999e-01 9.99999e-01 9.99999e-01 9.99999e-01 6.88808e-03 9.99999e-01 9.91859e-01 9.00787e-72
3.245212671e+00 2.25759e-145 1.02328e-29 9.99999e-01 9.99999e-01 9.99999e-01 9.99999e-01 1.49692e-02 9.99999e-01 9.92019e-01 2.52476e-115
3.261438734e+00 9.89002e-204 8.99158e-16 9.99999e-01 9.99999e-01 9.99999e-01 9.99998e-01 1.54217e-02 9.99999e-01 9.92176e-01 1.30280e-187
3.277745928e+00 1.99356e-307 7.89198e-09 9.99999e-01 9.99999e-01 9.99999e-01 9.98983e-01 1.17529e-02 9.99999e-01 9.92330e-01 6.73700e-298
3.294134658e+00 0.00000e+00 2.66472e-06 9.99999e-01 9.99999e-01 9.99999e-01 9.77120e-01 5.92811e-03 9.99999e-01 9.92481e-01 0.00000e+00
3.310605331e+00 0.00000e+00 3.40964e-07 9.99999e-01 9.99999e-01 9.99999e-01 9.58099e-01 6.60256e-03 9.99999e-01 9.92629e-01 0.00000e+00
3.327158358e+00 0.00000e+00 1.64911e-07 9.99999e-01 9.99999e-01 9.99999e-01 9.76218e-01 9.32956e-03 9.99999e-01 9.92774e-01 0.00000e+00
3.343794149e+00 0.00000e+00 1.63849e-06 9.99999e-01 9.99999e-01 9.99999e-01 9.74566e-01 4.90728e-03 9.99999e-01 9.92916e-01 0.00000e+00
3.360513120e+00 0.00000e+00 7.18834e-07 9.99999e-01 9.99999e-01 9.99999e-01 9.97532e-01 1.27865e-02 9.99999e-01 9.93055e-01 7.26650e-317
3.377315686e+00 1.97048e-206 2.22939e-06 9.99999e-01 9.99999e-01 9.99999e-01 9.91180e-01 2.00271e-02 9.99999e-01 9.93192e-01 1.69024e-199
3.394202264e+00 1.22738e-123 5.73864e-03 9.99999e-01 9.99999e-01 9.99999e-01 9.94178e-01 7.78035e-02 9.99999e-01 9.93326e-01 1.74928e-120
3.411173276e+00 8.14717e-72 3.04611e-01 9.99999e-01 9.99999e-01 9.99999e-01 9.99999e-01 7.23810e-02 9.99999e-01 9.93458e-01 2.86350e-70
3.428229142e+00 1.46119e-43 6.17900e-01 9.99999e-01 9.99999e-01 9.99999e-01 9.99999e-01 1.89145e-01 9.99999e-01 9.93586e-01 1.18572e-42
3.445370288e+00 3.17580e-23 4.84352e-01 9.99999e-01 9.99999e-01 9.99999e-01 9.99999e-01 2.83420e-01 9.99999e-01 9.93713e-01 2.20945e-22
3.462597139e+00 1.40654e-07 1.95138e-01 9.99999e-01 9.99999e-01 9.99999e-01 9.99999e-01 3.35724e-01 9.99999e-01 9.93836e-01 1.83101e-06
3.479910125e+00 5.22922e-03 4.24358e-02 9.99999e-01 9.99999e-01 9.99999e-01 9.99949e-01 4.69403e-01 9.99999e-01 9.93958e-01 2.39966e-01
3.497309675e+00 2.80926e-04 4.26303e-03 9.99999e-01 9.99999e-01 9.99999e-01 9.99272e-01 5.79015e-01 9.99999e-01 9.94077e-01 9.84907e-02
3.514796224e+00 2.77726e-05 7.73761e-05 9.99999e-01 9.99999e-01 9.99999e-01 9.95223e-01 6.09141e-01 9.99999e-01 9.94193e-01 4.80136e-01
3.532370205e+00 4.84571e-08 6.20533e-08 9.99999e-01 9.99999e-01 9.99999e-01 9.86267e-01 7.35721e-01 9.99999e-01 9.94308e-01 9.95461e-01
3.550032056e+00 8.40838e-11 1.01019e-10 9.99999e-01 9.99999e-01 9.99999e-01 9.73391e-01 7.77774e-01 9.99999e-01 9.94420e-01 9.90153e-01
3.567782216e+00 2.79184e-13 3.48065e-13 9.99999e-01 9.99999e-01 9.99999e-01 9.78328e-01 7.98352e-01 9.99999e-01 9.94530e-01 9.81676e-01
3.585621127e+00 5.52324e-14 6.60707e-14 9.99999e-01 9.99999e-01 9.99999e-01 9.20837e-01 8.65236e-01 9.99999e-01 9.94637e-01 9.85184e-01
3.603549233e+00 1.38865e-18 1.72801e-18 9.99999e-01 9.99999e-01 9.99999e-01 7.76769e-01 8.84958e-01 9.99999e-01 9.94743e-01 9.90689e-01
3.621566979e+00 1.83745e-10 2.80062e-10 9.99999e-01 9.99999e-01 9.99999e-01 6.63906e-01 9.02692e-01 9.99999e-01 9.94847e-01 9.95387e-01
3.639674814e+00 4.96882e-11 8.41134e-11 9.99999e-01 9.99999e-01 9.99999e-01 5.08562e-01 9.37336e-01 9.99999e-01 9.94948e-01 9.96053e-01
3.657873188e+00 5.19136e-09 1.15937e-08 9.99999e-01 9.99999e-01 9.99999e-01 2.83903e-01 9.21996e-01 9.99999e-01 9.95048e-01 9.94759e-01
3.676162554e+00 5.13869e-05 1.02417e-04 9.99999e-01 9.99999e-01 9.99999e-01 4.16328e-01 8.49983e-01 9.99999e-01 9.95145e-01 9.85893e-01
3.694543367e+00 1.33620e-02 2.59446e-02 9.99999e-01 9.99999e-01 9.99999e-01 5.48754e-01 9.07726e-01 9.99999e-01 9.95241e-01 9.71594e-01
3.713016084e+00 1.79877e-02 3.88443e-02 9.99999e-01 9.99999e-01 9.99999e-01 4.99204e-01 9.39183e-01 9.99999e-01 9.95335e-01 9.47546e-01
3.731581164e+00 7.80297e-04 1.24165e-03 9.99999e-01 9.99999e-01 9.99999e-01 6.28297e-01 9.37856e-01 9.99999e-01 9.95427e-01 9.15584e-01
3.750239070e+00 2.79001e-10 3.97288e-10 9.99998e-01 9.99999e-01 9.99999e-01 7.60224e-01 9.32969e-01 9.99999e-01 9.95517e-01 9.06195e-01
3.768990265e+00 9.54566e-28 1.18024e-27 9.99996e-01 9.99999e-01 9.99999e-01 8.58835e-01 9.39858e-01 9.99999e-01 9.95605e-01 9.31320e-01
3.787835216e+00 1.32206e-84 1.52718e-84 9.99995e-01 9.99999e-01 9.99999e-01 9.20397e-01 9.23793e-01 9.99999e-01 9.95692e-01 9.54651e-01
3.806774393e+00 1.85872e-70 2.08049e-70 9.99990e-01 9.99999e-01 9.99999e-01 9.78650e-01 9.04553e-01 9.99999e-01 9.95777e-01 9.61552e-01
3.825808265e+00 9.46994e-67 1.06028e-66 9.99984e-01 9.99999e-01 9.99999e-01 9.94962e-01 9.17234e-01 9.99999e-01 9.95860e-01 9.58820e-01
3.844937306e+00 6.42381e-79 7.21662e-79 9.99974e-01 9.99999e-01 9.99999e-01 9.98488e-01 9.24684e-01 9.99999e-01 9.95941e-01 9.52583e-01
3.864161992e+00 1.52066e-76 1.75056e-76 9.99957e-01 9.99999e-01 9.99999e-01 9.88847e-01 9.13500e-01 9.99999e-01 9.96021e-01 9.37611e-01
3.883482802e+00 7.81221e-30 9.26827e-30 9.99933e-01 9.99999e-01 9.99999e-01 9.71923e-01 9.11165e-01 9.99999e-01 9.96100e-01 9.15252e-01
3.902900216e+00 9.04829e-18 1.11988e-17 9.99906e-01 9.99999e-01 9.99999e-01 9.28165e-01 9.29463e-01 9.99999e-01 9.96177e-01 8.84474e-01
3.922414717e+00 8.64984e-17 1.72452e-16 9.99843e-01 9.99999e-01 9.99999e-01 2.54394e-01 9.25120e-01 9.99999e-01 9.96252e-01 8.51196e-01
3.942026791e+00 1.54687e-22 9.61307e-21 9.99838e-01 9.99999e-01 9.99999e-01 1.26912e-03 9.31093e-01 9.99999e-01 9.96326e-01 8.28472e-01
3.961736925e+00 6.64013e-43 1.53284e-33 9.99727e-01 9.99999e-01 9.99999e-01 1.69943e-11 9.39324e-01 9.99999e-01 9.96398e-01 8.00596e-01
3.981545610e+00 1.33862e-131 2.48135e-56 9.99678e-01 9.99999e-01 9.99999e-01 2.25656e-77 9.36757e-01 9.99999e-01 9.96469e-01 7.58031e-01
4.001453338e+00 1.84540e-154 2.79820e-92 9.99666e-01 9.99999e-01 9.99999e-01 3.95568e-64 9.37255e-01 9.99999e-01 9.96539e-01 7.01828e-01
4.021460604e+00 0.00000e+00 0.00000e+00 9.99588e-01 9.99999e-01 9.99999e-01 6.77969e-93 9.32754e-01 9.99999e-01 9.96607e-01 6.41195e-01
4.041567907e+00 0.00000e+00 0.00000e+00 9.99436e-01 9.99999e-01 9.99999e-01 4.99880e-70 9.21351e-01 9.99999e-01 9.96674e-01 5.80544e-01
4.061775747e+00 0.00000e+00 0.00000e+00 9.99271e-01 9.99999e-01 9.99999e-01 1.81365e-45 9.36270e-01 9.99999e-01 9.96740e-01 5.23347e-01
4.082084626e+00 0.00000e+00 0.00000e+00 9.99197e-01 9.99999e-01 9.99999e-01 5.29006e-17 8.97946e-01 9.99999e-01 9.96804e-01 4.73791e-01
4.102495049e+00 0.00000e+00 0.00000e+00 9.99351e-01 9.99999e-01 9.99999e-01 3.48487e-06 8.57394e-01 9.99999e-01 9.96867e-01 4.35703e-01
4.123007524e+00 0.00000e+00 0.00000e+00 9.99431e-01 9.99999e-01 9.99999e-01 1.05540e-01 7.84738e-01 9.99999e-01 9.96929e-01 4.09811e-01
4.143622562e+00 0.00000e+00 0.00000e+00 9.99345e-01 9.99999e-01 9.99999e-01 6.87410e-01 7.46067e-01 9.99999e-01 9.96989e-01 3.96358e-01
4.164340674e+00 0.00000e+00 0.00000e+00 9.99383e-01 9.99999e-01 9.99999e-01 9.83101e-01 6.27543e-01 9.99999e-01 9.97049e-01 3.94817e-01
4.185162378e+00 0.00000e+00 0.00000e+00 9.99284e-01 9.99999e-01 9.99999e-01 9.44498e-01 5.39204e-01 9.99999e-01 9.97107e-01 4.02232e-01
4.206088190e+00 0.00000e+00 0.00000e+00 9.99456e-01 9.99999e-01 9.99999e-01 4.98745e-01 3.92355e-01 9.99999e-01 9.97164e-01 4.09078e-01
4.227118631e+00 0.00000e+00 0.00000e+00 9.99662e-01 9.99999e-01 9.99999e-01 1.48593e-01 3.34600e-01 9.99999e-01 9.97220e-01 3.99833e-01
4.248254224e+00 0.00000e+00 0.00000e+00 9.99709e-01 9.99999e-01 9.99999e-01 2.83295e-02 2.43000e-01 9.99999e-01 9.97275e-01 3.68590e-01
4.269495495e+00 0.00000e+00 0.00000e+00 9.99762e-01 9.99999e-01 9.99999e-01 3.44555e-03 1.77041e-01 9.99999e-01 9.97328e-01 3.01855e-01
4.290842972e+00 0.00000e+00 0.00000e+00 9.96518e-01 9.99935e-01 9.99999e-01 5.01105e-04 1.13452e-01 9.99999e-01 9.97381e-01 2.62726e-01
4.312297187e+00 0.00000e+00 0.00000e+00 9.98675e-01 9.97690e-01 9.99999e-01 4.38461e-05 1.20764e-01 9.99999e-01 9.97433e-01 2.94861e-01
4.333858673e+00 0.00000e+00 0.00000e+00 9.99705e-01 9.57239e-01 9.99999e-01 3.20857e-06 8.91282e-02 9.99999e-01 9.97483e-01 3.80924e-01
4.355527967e+00 0.00000e+00 0.00000e+00 9.99681e-01 6.64495e-01 9.99999e-01 1.46810e-04 6.00593e-02 9.99999e-01 9.97533e-01 4.56084e-01
4.377305606e+00 0.00000e+00 0.00000e+00 9.99670e-01 1.04391e-01 9.99999e-01 5.67214e-05 6.46518e-02 9.99999e-01 9.97582e-01 4.99093e-01
4.399192134e+00 0.00000e+00 0.00000e+00 9.99647e-01 7.75523e-04 9.99999e-01 1.42978e-05 4.13538e-02 9.99999e-01 9.97629e-01 5.24435e-01
4.421188095e+00 0.00000e+00 0.00000e+00 9.99665e-01 2.08565e-08 9.99999e-01 1.76381e-04 3.70605e-02 9.99999e-01 9.97676e-01 5.42953e-01
4.443294036e+00 0.00000e+00 0.00000e+00 9.99618e-01 1.82647e-27 9.99999e-01 2.64447e-03 3.34756e-02 9.99999e-01 9.97722e-01 5.64057e-01
4.465510506e+00 0.00000e+00 0.00000e+00 9.99536e-01 4.35694e-51 9.99999e-01 2.24094e-02 5.56573e-02 9.99999e-01 9.97767e-01 5.90425e-01
4.487838058e+00 0.00000e+00 0.00000e+00 9.99730e-01 2.39942e-118 9.99999e-01 9.88261e-02 3.40876e-02 9.99999e-01 9.97811e-01 6.22020e-01
4.510277249e+00 0.00000e+00 0.00000e+00 9.99708e-01 9.49934e-186 9.99999e-01 3.65349e-01 4.54631e-02 9.99999e-01 9.97854e-01 6.58981e-01
4.532828635e+00 0.00000e+00 0.00000e+00 9.99719e-01 1.54800e-304 9.99999e-01 7.50179e-01 1.18996e-02 9.99999e-01 9.97896e-01 6.99085e-01
4.555492778e+00 0.00000e+00 0.00000e+00 9.99791e-01 0.00000e+00 9.99999e-01 9.71101e-01 8.01610e-02 9.99999e-01 9.97938e-01 7.40013e-01
4.578270242e+00 0.00000e+00 0.00000e+00 9.99764e-01 0.00000e+00 9.99999e-01 9.96496e-01 2.60524e-02 9.99999e-01 9.97978e-01 7.80086e-01
4.601161593e+00 0.00000e+00 0.00000e+00 9.99800e-01 8.33044e-320 9.99999e-01 9.78913e-01 7.17768e-02 9.99999e-01 9.98018e-01 8.17712e-01
4.624167401e+00 0.00000e+00 0.00000e+00 9.99878e-01 3.44006e-214 9.99999e-01 9.99999e-01 3.06042e-03 9.99999e-01 9.98057e-01 8.51420e-01
4.647288238e+00 0.00000e+00 0.00000e+00 9.99873e-01 2.42549e-73 9.99999e-01 9.99999e-01 7.17279e-03 9.99999e-01 9.98096e-01 8.80275e-01
4.670524679e+00 0.00000e+00 0.00000e+00 9.99916e-01 1.26576e-72 9.99999e-01 9.99999e-01 4.83892e-04 9.99999e-01 9.98133e-01 9.04082e-01
4.693877303e+00 0.00000e+00 0.00000e+00 9.99931e-01 2.93453e-103 9.99999e-01 9.99999e-01 2.44879e-03 9.99999e-01 9.98170e-01 9.23500e-01
4.717346689e+00 0.00000e+00 0.00000e+00 9.99935e-01 5.63628e-210 9.99999e-01 9.99999e-01 7.67748e-04 9.99999e-01 9.98206e-01 9.38793e-01
4.740933423e+00 0.00000e+00 0.00000e+00 9.99960e-01 3.39074e-261 9.99999e-01 9.99999e-01 1.07871e-03 9.99999e-01 9.98242e-01 9.50221e-01
4.764638090e+00 0.00000e+00 0.00000e+00 9.99954e-01 1.25614e-275 9.99999e-01 9.99999e-01 7.58015e-04 9.99999e-01 9.98276e-01 9.58884e-01
4.788461280e+00 0.00000e+00 0.00000e+00 9.99978e-01 9.48262e-231 9.99999e-01 9.99999e-01 1.03024e-05 9.99999e-01 9.98310e-01 9.65162e-01
4.812403587e+00 0.00000e+00 0.00000e+00 9.99979e-01 6.21038e-205 9.99999e-01 9.99999e-01 4.26659e-05 9.99999e-01 9.98344e-01 9.69863e-01
4.836465604e+00 0.00000e+00 0.00000e+00 9.99980e-01 5.23696e-160 9.99999e-01 9.99999e-01 1.35294e-05 9.99999e-01 9.98376e-01 9.72552e-01
4.860647933e+00 0.00000e+00 0.00000e+00 9.99990e-01 2.22939e-124 9.99999e-01 9.99999e-01 1.26352e-04 9.99999e-01 9.98408e-01 9.73789e-01
4.884951172e+00 0.00000e+00 0.00000e+00 9.99989e-01 3.15330e-81 9.99999e-01 9.99999e-01 1.33382e-05 9.99999e-01 9.98440e-01 9.73497e-01
4.909375928e+00 0.00000e+00 0.00000e+00 9.99994e-01 7.18302e-64 9.99999e-01 9.99999e-01 1.13482e-06 9.99999e-01 9.98470e-01 9.72243e-01
4.933922808e+00 0.00000e+00 0.00000e+00 9.99995e-01 6.15572e-42 9.99999e-01 9.99999e-01 6.79397e-07 9.99999e-01 9.98501e-01 9.69814e-01
4.958592422e+00 0.00000e+00 0.00000e+00 9.99996e-01 6.75353e-28 9.99999e-01 9.99999e-01 5.80769e-10 9.99999e-01 9.98530e-01 9.65800e-01
4.983385384e+00 0.00000e+00 0.00000e+00 9.99997e-01 1.65172e-18 9.99999e-01 9.99999e-01 4.52569e-08 9.99999e-01 9.98559e-01 9.61802e-01
5.008302311e+00 0.00000e+00 0.00000e+00 9.99998e-01 1.87081e-12 9.99999e-01 9.99999e-01 2.79375e-10 9.99999e-01 9.98588e-01 9.56862e-01
5.033343822e+00 0.00000e+00 0.00000e+00 9.99998e-01 1.21910e-08 9.99999e-01 9.99999e-01 1.26639e-09 9.99999e-01 9.98615e-01 9.49986e-01
5.058510541e+00 0.00000e+00 0.00000e+00 9.99998e-01 1.88288e-05 9.99999e-01 9.99999e-01 7.52333e-09 9.99999e-01 9.98643e-01 9.40886e-01
5.083803094e+00 0.00000e+00 0.00000e+00 9.99999e-01 7.98628e-04 9.99999e-01 9.99999e-01 6.28799e-11 9.99999e-01 9.98670e-01 9.28686e-01
5.109222110e+00 0.00000e+00 0.00000e+00 9.99999e-01 1.39659e-02 9.99999e-01 9.99999e-01 1.50163e-14 9.99999e-01 9.98696e-01 9.15995e-01
5.134768220e+00 0.00000e+00 0.00000e+00 9.99999e-01 7.75783e-02 9.99999e-01 9.99999e-01 3.20280e-15 9.99999e-01 9.98722e-01 8.97268e-01
5.160442061e+00 0.00000e+00 0.00000e+00 9.99999e-01 1.95407e-01 9.99999e-01 9.99563e-01 1.75382e-22 9.99999e-01 9.98747e-01 8.76785e-01
5.186244272e+00 0.00000e+00 0.00000e+00 9.99999e-01 4.27385e-01 9.99999e-01 9.83946e-01 7.35544e-20 9.99999e-01 9.98771e-01 8.57509e-01
5.212175493e+00 0.00000e+00 0.00000e+00 9.99999e-01 6.15628e-01 9.99999e-01 9.16218e-01 1.39121e-36 9.99999e-01 9.98796e-01 8.31046e-01
5.238236370e+00 0.00000e+00 0.00000e+00 9.99999e-01 7.67528e-01 9.99999e-01 5.28864e-01 7.53722e-26 9.99999e-01 9.98819e-01 7.99092e-01
5.264427552e+00 0.00000e+00 0.00000e+00 9.99999e-01 8.77547e-01 9.99999e-01 1.60843e-01 1.56335e-26 9.99999e-01 9.98843e-01 7.56904e-01
5.290749690e+00 0.00000e+00 0.00000e+00 9.99999e-01 9.41886e-01 9.99999e-01 7.58031e-02 1.31154e-30 9.99999e-01 9.98866e-01 7.05550e-01
5.317203438e+00 0.00000e+00 0.00000e+00 9.99999e-01 9.68966e-01 9.99999e-01 9.04001e-02 2.21720e-30 9.99999e-01 9.98888e-01 6.55086e-01
5.343789456e+00 0.00000e+00 0.00000e+00 9.99999e-01 9.90227e-01 9.99999e-01 1.51525e-01 1.08175e-33 9.99999e-01 9.98910e-01 5.81345e-01
5.370508403e+00 0.00000e+00 0.00000e+00 9.99999e-01 9.99076e-01 9.99999e-01 6.13801e-02 1.81975e-38 9.99999e-01 9.98931e-01 5.18434e-01
5.397360945e+00 0.00000e+00 0.00000e+00 9.99999e-01 9.98036e-01 9.99999e-01 6.58316e-02 1.36008e-36 9.99999e-01 9.98952e-01 4.54803e-01
5.424347750e+00 0.00000e+00 0.00000e+00 9.99999e-01 9.83888e-01 9.99999e-01 1.72208e-01 5.37619e-73 9.99999e-01 9.98973e-01 4.00323e-01
5.451469488e+00 0.00000e+00 0.00000e+00 9.99999e-01 9.99999e-01 9.99999e-01 5.02901e-01 2.60966e-70 9.99999e-01 9.98993e-01 3.44041e-01
5.478726836e+00 0.00000e+00 0.00000e+00 9.99999e-01 9.99999e-01 9.99999e-01 8.61277e-01 1.90014e-74 9.99999e-01 9.99013e-01 2.81199e-01
5.506120470e+00 7.41353e-308 2.73161e-241 9.99999e-01 9.99999e-01 9.99999e-01 9.74360e-01 4.45286e-68 9.99999e-01 9.99033e-01 2.22595e-01
5.533651072e+00 4.75131e-229 8.80989e-151 9.99999e-01 9.99999e-01 9.99999e-01 9.96599e-01 9.48017e-80 9.99999e-01 9.99052e-01 1.71234e-01
5.561319328e+00 7.99174e-200 6.82986e-87 9.99999e-01 9.99999e-01 9.99999e-01 9.99218e-01 2.93222e-114 9.99999e-01 9.99070e-01 1.19881e-01
5.589125924e+00 4.75569e-189 2.20832e-58 9.99999e-01 9.99999e-01 9.99999e-01 9.96595e-01 8.89597e-132 9.99999e-01 9.99089e-01 8.42854e-02
5.617071554e+00 2.57518e-159 1.39570e-36 9.99999e-01 9.99999e-01 9.99999e-01 9.74928e-01 1.09916e-123 9.99999e-01 9.99107e-01 5.73726e-02
5.645156912e+00 3.19741e-160 1.18572e-31 9.99999e-01 9.99999e-01 9.99999e-01 9.31441e-01 2.77612e-129 9.99999e-01 9.99124e-01 3.67915e-02
5.673382696e+00 5.85893e-163 4.26884e-24 9.99999e-01 9.99999e-01 9.99999e-01 8.86130e-01 2.12650e-139 9.99999e-01 9.99142e-01 2.20511e-02
5.701749610e+00 1.50868e-179 3.48919e-23 9.99999e-01 9.99999e-01 9.99999e-01 8.44446e-01 8.40310e-156 9.99999e-01 9.99159e-01 1.26585e-02
5.730258358e+00 3.23112e-196 6.98706e-25 9.99999e-01 9.99999e-01 9.99999e-01 7.87334e-01 2.97467e-171 9.99999e-01 9.99175e-01 6.49910e-03
5.758909650e+00 3.87147e-202 1.38336e-27 9.99999e-01 9.99999e-01 9.99999e-01 7.31539e-01 1.37217e-173 9.99999e-01 9.99191e-01 2.89156e-03
5.787704198e+00 3.85630e-151 8.44619e-19 9.99999e-01 9.99999e-01 9.99999e-01 6.84771e-01 2.60677e-131 9.99999e-01 9.99207e-01 1.12226e-03
5.816642719e+00 3.54934e-177 1.94241e-11 9.99999e-01 9.99999e-01 9.99999e-01 6.54287e-01 3.44824e-164 9.99999e-01 9.99223e-01 3.79200e-04
5.845725932e+00 1.12433e-166 7.15697e-11 9.99999e-01 9.99999e-01 9.99999e-01 6.45715e-01 2.79400e-153 9.99999e-01 9.99238e-01 1.26068e-04
5.874954562e+00 3.93442e-223 5.78761e-16 9.99999e-01 9.99999e-01 9.99999e-01 5.84645e-01 1.25790e-204 9.99999e-01 9.99253e-01 4.54765e-05
5.904329335e+00 2.89653e-212 1.97189e-15 9.99999e-01 9.99999e-01 9.99999e-01 4.04398e-01 6.82607e-194 9.99999e-01 9.99268e-01 1.59715e-05
5.933850982e+00 1.49259e-213 7.22430e-10 9.99999e-01 9.99999e-01 9.99999e-01 3.96955e-01 3.04122e-200 9.99999e-01 9.99283e-01 5.24360e-06
5.963520237e+00 2.17412e-162 1.59136e-03 9.99999e-01 9.99999e-01 9.99999e-01 5.80519e-01 1.08515e-154 9.99999e-01 9.99297e-01 1.71922e-06
5.993337838e+00 1.76200e-133 1.03948e-02 9.99999e-01 9.99999e-01 9.99999e-01 7.60413e-01 8.24465e-126 9.99999e-01 9.99311e-01 6.19827e-07
6.023304527e+00 1.00245e-133 4.99465e-02 9.99999e-01 9.99999e-01 9.99999e-01 8.10806e-01 8.56229e-126 9.99999e-01 9.99324e-01 2.04924e-07
6.053421050e+00 9.36656e-191 3.46197e-02 9.99999e-01 9.99999e-01 9.99999e-01 8.34985e-01 3.12109e-182 9.99999e-01 9.99337e-01 6.33941e-08
6.083688155e+00 4.48258e-118 4.50030e-03 9.99999e-01 9.99999e-01 9.99999e-01 9.00835e-01 1.17716e-108 9.99999e-01 9.99351e-01 1.51804e-08
6.114106596e+00 8.61353e-87 4.29125e-04 9.99999e-01 9.99999e-01 9.99999e-01 9.31757e-01 2.53230e-75 9.99999e-01 9.99363e-01 2.31146e-09
6.144677129e+00 3.03994e-85 2.60796e-05 9.99999e-01 9.99999e-01 9.99999e-01 9.79126e-01 8.54972e-72 9.99999e-01 9.99376e-01 1.85292e-10
6.175400514e+00 1.89280e-70 4.17062e-07 9.99999e-01 9.99999e-01 9.99999e-01 9.96177e-01 9.42155e-54 9.99999e-01 9.99388e-01 5.90938e-12
6.206277517e+00 9.88588e-48 9.62734e-08 9.99999e-01 9.99999e-01 9.99999e-01 9.99018e-01 3.70382e-28 9.99999e-01 9.99400e-01 2.98091e-14
6.237308904e+00 4.34129e-42 6.35623e-06 9.99999e-01 9.99999e-01 9.99999e-01 9.86696e-01 2.54799e-21 9.99999e-01 9.99412e-01 3.03671e-17
6.268495449e+00 1.37774e-43 4.90737e-04 9.99999e-01 9.99999e-01 9.99999e-01 9.89887e-01 3.06483e-20 9.99999e-01 9.99424e-01 5.45227e-21
6.299837926e+00 8.09283e-49 1.17223e-04 9.99999e-01 9.99999e-01 9.99999e-01 9.99886e-01 4.86094e-20 9.99999e-01 9.99435e-01 3.67600e-26
6.331337116e+00 1.86697e-67 3.11464e-07 9.99999e-01 9.99999e-01 9.99999e-01 9.99617e-01 3.28867e-30 9.99999e-01 9.99446e-01 8.15859e-33
6.362993801e+00 1.50056e-145 6.26584e-10 9.99999e-01 9.99999e-01 9.99999e-01 9.96508e-01 1.62901e-96 9.99999e-01 9.99457e-01 3.22683e-41
6.394808770e+00 3.43708e-176 1.66774e-05 9.99999e-01 9.99999e-01 9.99999e-01 9.95316e-01 5.59938e-122 9.99999e-01 9.99468e-01 1.16563e-51
6.426782814e+00 0.00000e+00 2.42557e-02 9.99999e-01 9.99999e-01 9.99999e-01 9.97291e-01 3.57058e-274 9.99999e-01 9.99478e-01 2.10011e-64
6.458916728e+00 0.00000e+00 3.38752e-01 9.99999e-01 9.99999e-01 9.99999e-01 9.96070e-01 1.75667e-290 9.99999e-01 9.99489e-01 3.53316e-83
6.491211312e+00 0.00000e+00 5.29699e-01 9.99999e-01 9.99999e-01 9.99999e-01 9.95418e-01 0.00000e+00 9.99999e-01 9.99499e-01 5.87002e-106
6.523667368e+00 0.00000e+00 6.12647e-01 9.99999e-01 9.99999e-01 9.99999e-01 9.96626e-01 1.64159e-302 9.99999e-01 9.99508e-01 3.15411e-132
6.556285705e+00 0.00000e+00 5.54715e-01 9.99999e-01 9.99999e-01 9.99999e-01 9.93200e-01 0.00000e+00 9.99999e-01 9.99518e-01 3.24886e-164
6.589067134e+00 0.00000e+00 5.14516e-01 9.99999e-01 9.99999e-01 9.99999e-01 9.63727e-01 0.00000e+00 9.99999e-01 9.99528e-01 6.84783e-203
6.622012469e+00 0.00000e+00 5.67337e-01 9.99999e-01 9.99999e-01 9.99999e-01 9.01941e-01 0.00000e+00 9.99999e-01 9.99537e-01 1.31356e-249
6.655122532e+00 0.00000e+00 7.09205e-01 9.99999e-01 9.99999e-01 9.99999e-01 8.42854e-01 8.88259e-276 9.99999e-01 9.99546e-01 1.42718e-307
6.688398144e+00 0.00000e+00 7.24307e-01 9.99999e-01 9.99999e-01 9.99999e-01 7.66470e-01 3.90758e-227 9.99999e-01 9.99555e-01 0.00000e+00
6.721840135e+00 0.00000e+00 5.55245e-01 9.99999e-01 9.99999e-01 9.99999e-01 6.91553e-01 4.74264e-167 9.99999e-01 9.99564e-01 0.00000e+00
6.755449336e+00 0.00000e+00 3.95964e-01 9.99999e-01 9.99999e-01 9.99999e-01 5.79761e-01 2.20998e-160 9.99999e-01 9.99572e-01 0.00000e+00
6.789226583e+00 0.00000e+00 2.81941e-01 9.99999e-01 9.99999e-01 9.99999e-01 4.54577e-01 1.01991e-198 9.99999e-01 9.99581e-01 0.00000e+00
6.823172715e+00 0.00000e+00 1.02695e-01 9.99999e-01 9.99999e-01 9.99999e-01 3.19311e-01 6.99010e-182 9.99999e-01 9.99589e-01 0.00000e+00
6.857288579e+00 0.00000e+00 6.03629e-03 9.99999e-01 9.99999e-01 9.99999e-01 2.04130e-01 1.80652e-187 9.99999e-01 9.99597e-01 0.00000e+00
6.891575022e+00 0.00000e+00 1.79961e-06 9.99999e-01 9.99999e-01 9.99999e-01 1.11850e-01 1.54665e-147 9.99999e-01 9.99605e-01 0.00000e+00
6.926032897e+00 0.00000e+00 6.68410e-17 9.99999e-01 9.99999e-01 9.99999e-01 6.40856e-02 3.62735e-122 9.99999e-01 9.99613e-01 0.00000e+00
6.960663062e+00 0.00000e+00 4.54122e-28 9.99999e-01 9.99999e-01 9.99999e-01 2.76854e-02 1.02976e-126 9.99999e-01 9.99621e-01 0.00000e+00
6.995466377e+00 0.00000e+00 6.65958e-49 9.99999e-01 9.99999e-01 9.99999e-01 2.12474e-03 2.87711e-131 9.99999e-01 9.99628e-01 0.00000e+00
7.030443709e+00 0.00000e+00 3.88456e-66 9.99999e-01 9.99999e-01 9.99999e-01 2.52094e-06 1.99100e-131 9.99999e-01 9.99635e-01 0.00000e+00
7.065595927e+00 0.00000e+00 5.23693e-95 9.99999e-01 9.99999e-01 9.99999e-01 4.65437e-24 4.13845e-134 9.99999e-01 9.99643e-01 0.00000e+00
7.100923907e+00 0.00000e+00 9.54221e-116 9.99999e-01 9.99999e-01 9.99999e-01 2.72178e-66 5.48612e-107 9.99999e-01 9.99650e-01 0.00000e+00
7.136428526e+00 0.00000e+00 3.66464e-143 9.99999e-01 9.99999e-01 9.99999e-01 0.00000e+00 1.29540e-110 9.99999e-01 9.99656e-01 0.00000e+00
7.172110669e+00 0.00000e+00 4.62375e-158 9.99999e-01 9.99999e-01 9.99999e-01 0.00000e+00 1.80325e-149 9.99999e-01 9.99663e-01 0.00000e+00
7.207971222e+00 0.00000e+00 2.26080e-171 9.99999e-01 9.99999e-01 9.99999e-01 0.00000e+00 3.35902e-125 9.99999e-01 9.99670e-01 0.00000e+00
7.244011079e+00 0.00000e+00 1.73867e-179 9.99999e-01 9.99999e-01 9.99999e-01 0.00000e+00 8.48189e-109 9.99999e-01 9.99676e-01 0.00000e+00
7.280231134e+00 0.00000e+00 4.96063e-157 9.99999e-01 9.99999e-01 9.99999e-01 0.00000e+00 1.72606e-122 9.99999e-01 9.99683e-01 0.00000e+00
7.316632290e+00 0.00000e+00 7.56435e-132 9.99999e-01 9.99999e-01 9.99999e-01 0.00000e+00 6.06897e-107 9.99999e-01 9.99689e-01 0.00000e+00
7.353215451e+00 0.00000e+00 2.28491e-135 9.99999e-01 9.99999e-01 9.99999e-01 0.00000e+00 1.16928e-100 9.99999e-01 9.99695e-01 0.00000e+00
7.389981528e+00 0.00000e+00 4.20212e-149 9.99999e-01 9.99999e-01 9.99999e-01 0.00000e+00 1.09872e-62 9.99999e-01 9.99701e-01 0.00000e+00
7.426931436e+00 0.00000e+00 1.73287e-133 9.99999e-01 9.99999e-01 9.99999e-01 0.00000e+00 1.26760e-65 9.99999e-01 9.99707e-01 0.00000e+00
7.464066093e+00 0.00000e+00 9.09120e-93 9.99999e-01 9.99999e-01 9.99999e-01 0.00000e+00 1.94695e-83 9.99999e-01 9.99713e-01 0.00000e+00
7.501386424e+00 0.00000e+00 1.60809e-66 9.99999e-01 9.99999e-01 9.99999e-01 0.00000e+00 4.24901e-55 9.99999e-01 9.99718e-01 0.00000e+00
7.538893356e+00 0.00000e+00 3.24631e-38 9.99999e-01 9.99999e-01 9.99999e-01 0.00000e+00 2.82293e-55 9.99999e-01 9.99724e-01 0.00000e+00
7.576587822e+00 0.00000e+00 5.59154e-29 9.99999e-01 9.99999e-01 9.99999e-01 0.00000e+00 7.70226e-69 9.99999e-01 9.99729e-01 0.00000e+00
7.614470762e+00 0.00000e+00 3.48631e-26 9.99999e-01 9.99999e-01 9.99999e-01 0.00000e+00 5.45424e-60 9.99999e-01 9.99735e-01 0.00000e+00
7.652543115e+00 0.00000e+00 2.41725e-27 9.99999e-01 9.99999e-01 9.99999e-01 0.00000e+00 2.23261e-46 9.99999e-01 9.99740e-01 0.00000e+00
7.690805831e+00 0.00000e+00 1.00195e-33 9.99999e-01 9.99999e-01 9.99999e-01 2.98306e-177 2.28970e-45 9.99999e-01 9.99745e-01 0.00000e+00
7.729259860e+00 0.00000e+00 2.17724e-56 9.99999e-01 9.99999e-01 9.99999e-01 3.73927e-71 1.87077e-45 9.99999e-01 9.99750e-01 0.00000e+00
7.767906159e+00 0.00000e+00 1.50918e-79 9.99999e-01 9.99999e-01 9.99999e-01 1.15841e-19 3.46148e-41 9.99999e-01 9.99755e-01 0.00000e+00
7.806745690e+00 0.00000e+00 4.05517e-114 9.99999e-01 9.99999e-01 9.99999e-01 5.29165e-11 3.91019e-34 9.99999e-01 9.99760e-01 0.00000e+00
7.845779419e+00 0.00000e+00 2.44336e-131 9.99999e-01 9.99999e-01 9.99999e-01 5.08371e-08 2.07261e-35 9.99999e-01 9.99765e-01 0.00000e+00
7.885008316e+00 0.00000e+00 8.90143e-118 9.99999e-01 9.99999e-01 9.99999e-01 8.83368e-09 3.52616e-27 9.99999e-01 9.99769e-01 0.00000e+00
7.924433357e+00 0.00000e+00 1.11154e-98 9.99999e-01 9.99999e-01 9.99999e-01 3.48352e-11 2.03122e-18 9.99999e-01 9.99774e-01 0.00000e+00
7.964055524e+00 0.00000e+00 2.61122e-99 9.99999e-01 9.99999e-01 9.99999e-01 7.26633e-17 7.89918e-14 9.99999e-01 9.99778e-01 0.00000e+00
8.003875802e+00 0.00000e+00 7.61310e-120 9.99999e-01 9.99999e-01 9.99999e-01 1.45177e-23 5.30696e-15 9.99999e-01 9.99782e-01 0.00000e+00
8.043895181e+00 0.00000e+00 5.63708e-137 9.99999e-01 9.99999e-01 9.99999e-01 4.94243e-36 3.18026e-12 9.99999e-01 9.99787e-01 0.00000e+00
8.084114657e+00 0.00000e+00 1.14996e-133 9.99999e-01 9.99999e-01 9.99999e-01 3.93457e-46 6.88597e-11 9.99999e-01 9.99791e-01 0.00000e+00
8.124535230e+00 0.00000e+00 2.41044e-128 9.99999e-01 9.99999e-01 9.99999e-01 1.17861e-64 1.71422e-13 9.99999e-01 9.99795e-01 0.00000e+00
8.165157906e+00 0.00000e+00 6.89111e-108 9.99999e-01 9.99999e-01 9.99999e-01 6.80899e-81 2.33433e-11 9.99999e-01 9.99799e-01 0.00000e+00
8.205983696e+00 0.00000e+00 1.80228e-92 9.99999e-01 9.99999e-01 9.99999e-01 1.43719e-110 1.32405e-08 9.99999e-01 9.99803e-01 0.00000e+00
8.247013614e+00 0.00000e+00 8.50746e-69 9.99999e-01 9.99999e-01 9.99999e-01 6.61908e-129 1.19505e-05 9.99999e-01 9.99807e-01 0.00000e+00
8.288248682e+00 0.00000e+00 4.53539e-57 9.99999e-01 9.99999e-01 9.99999e-01 4.26982e-163 1.98224e-04 9.99999e-01 9.99811e-01 1.32434e-299
8.329689926e+00 0.00000e+00 1.79817e-51 9.99999e-01 9.99999e-01 9.99999e-01 1.23187e-182 5.13050e-05 9.99999e-01 9.99814e-01 1.21205e-225
8.371338375e+00 0.00000e+00 5.23167e-46 9.99999e-01 9.99999e-01 9.99999e-01 1.86352e-219 1.42810e-04 9.99999e-01 9.99818e-01 1.89569e-170
8.413195067e+00 0.00000e+00 4.32943e-35 9.99999e-01 9.99999e-01 9.99999e-01 5.87290e-251 3.56445e-04 9.99999e-01 9.99822e-01 1.89681e-129
8.455261042e+00 0.00000e+00 4.64962e-26 9.99999e-01 9.99999e-01 9.99999e-01 2.94902e-317 2.38113e-05 9.99999e-01 9.99825e-01 8.84469e-98
8.497537348e+00 0.00000e+00 7.67434e-13 9.99999e-01 9.99999e-01 9.99999e-01 0.00000e+00 5.55741e-06 9.99999e-01 9.99829e-01 2.27408e-73
8.540025034e+00 0.00000e+00 1.68701e-07 9.99999e-01 9.99999e-01 9.99999e-01 0.00000e+00 8.71417e-04 9.99999e-01 9.99832e-01 3.26742e-51
8.582725160e+00 0.00000e+00 4.88837e-06 9.99999e-01 9.99999e-01 9.99999e-01 0.00000e+00 9.08985e-03 9.99999e-01 9.99835e-01 2.51199e-40
8.625638785e+00 0.00000e+00 2.20286e-07 9.99999e-01 9.99999e-01 9.99999e-01 0.00000e+00 4.43537e-02 9.99999e-01 9.99838e-01 1.10881e-31
8.668766979e+00 1.03342e-278 1.32078e-09 9.99999e-01 9.99999e-01 9.99999e-01 2.43206e-246 6.54638e-03 9.99999e-01 9.99842e-01 2.98232e-24
8.712110814e+00 5.68825e-275 4.56485e-11 9.99999e-01 9.99999e-01 9.99999e-01 1.20156e-245 8.10546e-03 9.99999e-01 9.99845e-01 1.54867e-18
8.755671368e+00 2.61655e-291 5.44641e-12 9.99999e-01 9.99999e-01 9.99999e-01 1.71019e-265 5.30177e-03 9.99999e-01 9.99848e-01 1.78519e-14
8.799449725e+00 0.00000e+00 2.79955e-24 9.99999e-01 9.99999e-01 9.99999e-01 0.00000e+00 2.17904e-03 9.99999e-01 9.99851e-01 2.43848e-11
8.843446974e+00 0.00000e+00 1.66080e-97 9.99999e-01 9.99999e-01 9.99999e-01 0.00000e+00 8.43631e-02 9.99999e-01 9.99854e-01 1.04637e-08
8.887664209e+00 0.00000e+00 0.00000e+00 9.99999e-01 9.99999e-01 9.99999e-01 0.00000e+00 1.57953e-01 9.99999e-01 9.99857e-01 7.37794e-07
8.932102530e+00 0.00000e+00 0.00000e+00 9.99999e-01 9.99999e-01 9.99999e-01 0.00000e+00 4.01832e-02 9.99999e-01 9.99859e-01 1.91193e-05
8.976763042e+00 0.00000e+00 0.00000e+00 9.99999e-01 9.99999e-01 9.99999e-01 3.47196e-302 3.54094e-02 9.99999e-01 9.99862e-01 2.39422e-04
9.021646857e+00 0.00000e+00 0.00000e+00 9.99999e-01 9.99999e-01 9.99999e-01 5.82699e-246 1.44742e-02 9.99999e-01 9.99865e-01 1.64445e-03
9.066755092e+00 0.00000e+00 0.00000e+00 9.99999e-01 9.99999e-01 9.99999e-01 1.08729e-216 3.64716e-02 9.99999e-01 9.99868e-01 7.32282e-03
9.112088867e+00 0.00000e+00 0.00000e+00 9.99999e-01 9.99999e-01 9.99999e-01 1.98870e-175 8.75125e-02 9.99999e-01 9.99870e-01 2.28520e-02
9.157649312e+00 0.00000e+00 0.00000e+00 9.99999e-01 9.99999e-01 9.99999e-01 3.34714e-152 4.12352e-02 9.99999e-01 9.99873e-01 5.51516e-02
9.203437558e+00 0.00000e+00 0.00000e+00 9.99999e-01 9.99999e-01 9.99999e-01 3.81596e-121 2.31573e-01 9.99999e-01 9.99875e-01 1.07880e-01
9.249454746e+00 0.00000e+00 0.00000e+00 9.99999e-01 9.99999e-01 9.99999e-01 9.81604e-104 2.35524e-01 9.99999e-01 9.99878e-01 1.81302e-01
9.295702020e+00 0.00000e+00 0.00000e+00 9.99999e-01 9.99999e-01 9.99999e-01 6.80910e-79 1.17136e-01 9.99999e-01 9.99880e-01 2.69237e-01
9.342180530e+00 0.00000e+00 0.00000e+00 9.99999e-01 9.99999e-01 9.99999e-01 3.02436e-65 1.34367e-01 9.99999e-01 9.99882e-01 3.65615e-01
9.388891432e+00 0.00000e+00 0.00000e+00 9.99999e-01 9.99999e-01 9.99999e-01 4.05494e-48 2.03911e-02 9.99999e-01 9.99885e-01 4.53270e-01
9.435835890e+00 0.00000e+00 0.00000e+00 9.99999e-01 9.99999e-01 9.99999e-01 1.71819e-38 2.66436e-02 9.99999e-01 9.99887e-01 5.44326e-01
9.483015069e+00 0.00000e+00 0.00000e+00 9.99999e-01 9.99999e-01 9.99999e-01 2.67928e-26 1.96073e-01 9.99999e-01 9.99889e-01 6.27162e-01
9.530430144e+00 0.00000e+00 0.00000e+00 9.99999e-01 9.99999e-01 9.99999e-01 9.15698e-21 3.41932e-01 9.99999e-01 9.99891e-01 6.92862e-01
9.578082295e+00 0.00000e+00 0.00000e+00 9.99999e-01 9.99999e-01 9.99999e-01 1.93972e-14 1.83593e-01 9.99999e-01 9.99893e-01 7.49294e-01
9.625972707e+00 0.00000e+00 0.00000e+00 9.99999e-01 9.99999e-01 9.99999e-01 1.93445e-10 8.92915e-02 9.99999e-01 9.99896e-01 7.96857e-01
9.674102570e+00 0.00000e+00 0.00000e+00 9.99999e-01 9.99999e-01 9.99999e-01 3.96405e-07 1.32611e-01 9.99999e-01 9.99898e-01 8.39748e-01
9.722473083e+00 0.00000e+00 0.00000e+00 9.99999e-01 9.99999e-01 9.99999e-01 3.76603e-05 2.15680e-01 9.99999e-01 9.99900e-01 8.74502e-01
9.771085448e+00 0.00000e+00 0.00000e+00 9.99999e-01 9.99999e-01 9.99999e-01 1.93921e-03 2.92983e-01 9.99999e-01 9.99902e-01 8.99767e-01
9.819940876e+00 0.00000e+00 0.00000e+00 9.99999e-01 9.99999e-01 9.99999e-01 5.43501e-02 5.58096e-02 9.99999e-01 9.99903e-01 9.20136e-01
9.869040580e+00 0.00000e+00 0.00000e+00 9.99999e-01 9.99999e-01 9.99999e-01 3.39247e-01 7.77339e-03 9.99999e-01 9.99905e-01 9.36459e-01
9.918385783e+00 0.00000e+00 0.00000e+00 9.99999e-01 9.99999e-01 9.99999e-01 6.06304e-01 6.21139e-02 9.99999e-01 9.99907e-01 9.49496e-01
9.967977712e+00 0.00000e+00 0.00000e+00 9.99999e-01 9.99999e-01 9.99999e-01 8.10089e-01 2.64710e-01 9.99999e-01 9.99909e-01 9.59863e-01
1.001781760e+01 0.00000e+00 0.00000e+00 9.99999e-01 9.99999e-01 9.99999e-01 9.25222e-01 1.94058e-01 9.99999e-01 9.99911e-01 9.99063e-01
1.006790669e+01 0.00000e+00 0.00000e+00 9.99999e-01 9.99999e-01 9.99999e-01 9.86940e-01 2.01527e-01 9.99999e-01 9.99913e-01 9.99019e-01
1.011824622e+01 0.00000e+00 0.00000e+00 9.99999e-01 9.99999e-01 9.99999e-01 9.99003e-01 2.84729e-01 9.99999e-01 9.99914e-01 9.98973e-01
1.016883745e+01 0.00000e+00 0.00000e+00 9.99999e-01 9.99999e-01 9.99999e-01 9.99631e-01 4.12433e-01 9.99999e-01 9.99916e-01 9.98923e-01
1.021968164e+01 0.00000e+00 0.00000e+00 9.99999e-01 9.99999e-01 9.99999e-01 9.84963e-01 3.16991e-01 9.99999e-01 9.99918e-01 9.98870e-01
1.027078005e+01 0.00000e+00 0.00000e+00 9.99999e-01 9.99999e-01 9.99999e-01 9.69052e-01 7.12746e-02 9.99999e-01 9.99919e-01 9.98813e-01
1.032213395e+01 0.00000e+00 0.00000e+00 9.99999e-01 9.99999e-01 9.99999e-01 9.99999e-01 3.40270e-02 9.99999e-01 9.99921e-01 9.98754e-01
1.037374462e+01 0.00000e+00 0.00000e+00 9.99999e-01 9.99999e-01 9.99999e-01 9.99999e-01 1.42291e-02 9.99999e-01 9.99922e-01 9.98690e-01
1.042561334e+01 0.00000e+00 0.00000e+00 9.99999e-01 9.99999e-01 9.99999e-01 9.99999e-01 3.09540e-03 9.99999e-01 9.99924e-01 9.98625e-01
1.047774141e+01 0.00000e+00 0.00000e+00 9.99999e-01 9.99999e-01 9.99999e-01 9.99999e-01 2.96341e-02 9.99999e-01 9.99925e-01 9.98551e-01
1.053013012e+01 0.00000e+00 0.00000e+00 9.99999e-01 9.99999e-01 9.99999e-01 9.99999e-01 1.50378e-01 9.99999e-01 9.99927e-01 9.98476e-01
1.058278077e+01 0.00000e+00 0.00000e+00 9.99999e-01 9.99999e-01 9.99999e-01 9.99999e-01 8.37217e-02 9.99999e-01 9.99928e-01 9.98396e-01
1.063569467e+01 0.00000e+00 0.00000e+00 9.99999e-01 9.99999e-01 9.99999e-01 9.99999e-01 1.13865e-01 9.99999e-01 9.99930e-01 9.98315e-01
1.068887314e+01 0.00000e+00 0.00000e+00 9.99999e-01 9.99999e-01 9.99999e-01 9.99999e-01 1.92629e-01 9.99999e-01 9.99931e-01 9.98224e-01
1.074231751e+01 0.00000e+00 0.00000e+00 9.99999e-01 9.99999e-01 9.99999e-01 9.99999e-01 1.22562e-01 9.99999e-01 9.99932e-01 9.98132e-01
1.079602910e+01 0.00000e+00 0.00000e+00 9.99999e-01 9.99999e-01 9.99999e-01 9.99999e-01 7.03844e-02 9.99999e-01 9.99934e-01 9.98035e-01
1.085000924e+01 0.00000e+00 0.00000e+00 9.99999e-01 9.99999e-01 9.99999e-01 9.99999e-01 1.13602e-02 9.99999e-01 9.99935e-01 9.97937e-01
1.090425929e+01 0.00000e+00 0.00000e+00 9.99999e-01 9.99999e-01 9.99999e-01 9.99999e-01 1.83627e-02 9.99999e-01 9.99936e-01 9.97828e-01
1.095878058e+01 0.00000e+00 0.00000e+00 9.99999e-01 9.99999e-01 9.99999e-01 9.99999e-01 3.45384e-04 9.99999e-01 9.99937e-01 9.97714e-01
1.101357449e+01 0.00000e+00 0.00000e+00 9.99999e-01 9.99999e-01 9.99999e-01 9.99999e-01 1.17641e-04 9.99999e-01 9.99939e-01 9.97595e-01
1.106864236e+01 0.00000e+00 0.00000e+00 9.99999e-01 9.99999e-01 9.99999e-01 9.99999e-01 2.51980e-02 9.99999e-01 9.99940e-01 9.97469e-01
1.112398557e+01 0.00000e+00 0.00000e+00 9.99999e-01 9.99999e-01 9.99999e-01 9.99999e-01 9.76670e-02 9.99999e-01 9.99941e-01 9.97340e-01
1.117960550e+01 0.00000e+00 0.00000e+00 9.99999e-01 9.99999e-01 9.99999e-01 9.99999e-01 1.48622e-01 9.99999e-01 9.99942e-01 9.97202e-01
1.123550353e+01 0.00000e+00 0.00000e+00 9.99999e-01 9.99999e-01 9.99999e-01 9.99980e-01 2.96419e-02 9.99999e-01 9.99943e-01 9.97062e-01
1.129168104e+01 0.00000e+00 0.00000e+00 9.99999e-01 9.99999e-01 9.99999e-01 9.99758e-01 8.60077e-03 9.99999e-01 9.99944e-01 9.96902e-01
1.134813945e+01 0.00000e+00 0.00000e+00 9.99999e-01 9.99999e-01 9.99999e-01 9.99225e-01 4.32209e-02 9.99999e-01 9.99945e-01 9.96742e-01
1.140488015e+01 0.00000e+00 0.00000e+00 9.99999e-01 9.99999e-01 9.99999e-01 9.98534e-01 7.56117e-02 9.99999e-01 9.99946e-01 9.96575e-01
1.146190455e+01 0.00000e+00 0.00000e+00 9.99999e-01 9.99999e-01 9.99999e-01 9.97414e-01 7.24354e-02 9.99999e-01 9.99948e-01 9.96404e-01
1.151921407e+01 0.00000e+00 0.00000e+00 9.99999e-01 9.99999e-01 9.99999e-01 9.94852e-01 2.85276e-02 9.99999e-01 9.99949e-01 9.96225e-01
1.157681014e+01 0.00000e+00 0.00000e+00 9.99999e-01 9.99999e-01 9.99999e-01 9.80452e-01 9.13570e-04 9.99999e-01 9.99950e-01 9.96036e-01
1.163469419e+01 0.00000e+00 0.00000e+00 9.99999e-01 9.99999e-01 9.99999e-01 9.58998e-01 1.26279e-05 9.99999e-01 9.99951e-01 9.95843e-01
1.169286766e+01 0.00000e+00 0.00000e+00 9.99999e-01 9.99999e-01 9.99999e-01 9.57262e-01 1.11054e-06 9.99999e-01 9.99951e-01 9.95631e-01
1.175133200e+01 0.00000e+00 0.00000e+00 9.99999e-01 9.99999e-01 9.99999e-01 9.75035e-01 6.07168e-05 9.99999e-01 9.99952e-01 9.95417e-01
1.181008866e+01 0.00000e+00 0.00000e+00 9.99999e-01 9.99999e-01 9.99999e-01 9.92736e-01 1.85150e-03 9.99999e-01 9.99953e-01 9.95178e-01
1.186913910e+01 0.00000e+00 0.00000e+00 9.99999e-01 9.99999e-01 9.99999e-01 9.93685e-01 4.25627e-03 9.99999e-01 9.99954e-01 9.94932e-01
1.192848480e+01 0.00000e+00 0.00000e+00 9.99999e-01 9.99999e-01 9.99999e-01 9.90311e-01 6.41955e-03 9.99999e-01 9.99955e-01 9.94667e-01
1.198812722e+01 0.00000e+00 0.00000e+00 9.99999e-01 9.99999e-01 9.99999e-01 9.82099e-01 6.35754e-03 9.99999e-01 9.99956e-01 9.94379e-01
1.204806786e+01 0.00000e+00 0.00000e+00 9.99999e-01 9.99999e-01 9.99999e-01 9.82278e-01 4.16950e-03 9.99999e-01 9.99957e-01 9.94089e-01
1.210830820e+01 0.00000e+00 0.00000e+00 9.99999e-01 9.99999e-01 9.99999e-01 9.89838e-01 8.32828e-03 9.99999e-01 9.99958e-01 9.93766e-01
1.216884974e+01 0.00000e+00 0.00000e+00 9.99999e-01 9.99999e-01 9.99999e-01 9.97329e-01 3.49085e-02 9.99999e-01 9.99958e-01 9.93441e-01
1.222969399e+01 0.00000e+00 0.00000e+00 9.99999e-01 9.99999e-01 9.99999e-01 9.98772e-01 2.07298e-03 9.99999e-01 9.99959e-01 9.93114e-01
1.229084246e+01 0.00000e+00 0.00000e+00 9.99999e-01 9.99999e-01 9.99999e-01 9.99302e-01 4.65148e-05 9.99999e-01 9.99960e-01 9.92784e-01
1.235229667e+01 0.00000e+00 0.00000e+00 9.99999e-01 9.99999e-01 9.99999e-01 9.99566e-01 7.31525e-06 9.99999e-01 9.99961e-01 9.92449e-01
1.241405815e+01 0.00000e+00 0.00000e+00 9.99999e-01 9.99999e-01 9.99999e-01 9.99795e-01 2.70915e-11 9.99999e-01 9.99962e-01 9.92086e-01
1.247612845e+01 0.00000e+00 0.00000e+00 9.99999e-01 9.99999e-01 9.99999e-01 9.99936e-01 6.32217e-10 9.99999e-01 9.99962e-01 9.91721e-01
1.253850909e+01 0.00000e+00 0.00000e+00 9.99999e-01 9.99999e-01 9.99999e-01 9.44490e-01 2.20894e-10 9.99999e-01 9.99963e-01 9.91337e-01
1.260120163e+01 0.00000e+00 0.00000e+00 9.99999e-01 9.99999e-01 9.99999e-01 9.99999e-01 3.22765e-05 9.99999e-01 9.99964e-01 9.90942e-01
1.266420764e+01 0.00000e+00 0.00000e+00 9.99999e-01 9.99999e-01 9.99999e-01 9.99999e-01 6.14745e-04 9.99999e-01 9.99964e-01 9.90537e-01
1.272752868e+01 0.00000e+00 0.00000e+00 9.99999e-01 9.99999e-01 9.99999e-01 9.99999e-01 1.44131e-04 9.99999e-01 9.99965e-01 9.90078e-01
1.279116632e+01 0.00000e+00 0.00000e+00 9.99999e-01 9.99999e-01 9.99999e-01 9.99999e-01 4.26332e-03 9.99999e-01 9.99966e-01 9.89616e-01
1.285512215e+01 0.00000e+00 0.00000e+00 9.99999e-01 9.99999e-01 9.99999e-01 9.99999e-01 2.79303e-04 9.99999e-01 9.99966e-01 9.89126e-01
1.291939776e+01 0.00000e+00 0.00000e+00 9.99999e-01 9.99999e-01 9.99999e-01 9.99999e-01 6.28012e-04 9.99999e-01 9.99967e-01 9.88614e-01
1.298399475e+01 0.00000e+00 0.00000e+00 9.99999e-01 9.99999e-01 9.99999e-01 9.99999e-01 4.66974e-05 9.99999e-01 9.99968e-01 9.88100e-01
1.304891473e+01 0.00000e+00 0.00000e+00 9.99999e-01 9.99999e-01 9.99999e-01 9.99999e-01 2.42658e-06 9.99999e-01 9.99968e-01 9.87559e-01
1.311415930e+01 0.00000e+00 0.00000e+00 9.99999e-01 9.99999e-01 9.99999e-01 9.99999e-01 4.45946e-06 9.99999e-01 9.99969e-01 9.87015e-01
1.317973010e+01 0.00000e+00 0.00000e+00 9.99999e-01 9.99999e-01 9.99999e-01 9.99999e-01 1.04078e-05 9.99999e-01 9.99970e-01 9.86446e-01
1.324562875e+01 0.00000e+00 0.00000e+00 9.99999e-01 9.99999e-01 9.99999e-01 9.99999e-01 1.24451e-07 9.99999e-01 9.99970e-01 9.85833e-01
1.331185689e+01 0.00000e+00 0.00000e+00 9.99999e-01 9.99999e-01 9.99999e-01 9.99999e-01 5.98007e-12 9.99999e-01 9.99971e-01 9.85218e-01
1.337841618e+01 0.00000e+00 0.00000e+00 9.99999e-01 9.99999e-01 9.99999e-01 9.99999e-01 7.32406e-11 9.99999e-01 9.99971e-01 9.75388e-01
1.344530826e+01 0.00000e+00 0.00000e+00 9.99999e-01 9.99999e-01 9.99999e-01 9.99999e-01 2.44607e-19 9.99999e-01 9.99972e-01 9.70554e-01
1.351253480e+01 0.00000e+00 0.00000e+00 9.99999e-01 9.99999e-01 9.99999e-01 9.99999e-01 1.81345e-09 9.99999e-01 9.99972e-01 9.68648e-01
1.358009747e+01 0.00000e+00 0.00000e+00 9.99999e-01 9.99999e-01 9.99999e-01 9.99999e-01 5.74785e-08 9.99999e-01 9.99973e-01 9.66481e-01
1.364799796e+01 0.00000e+00 0.00000e+00 9.99999e-01 9.99999e-01 9.99999e-01 9.99999e-01 1.03934e-09 9.99999e-01 9.99973e-01 9.63994e-01
1.371623795e+01 0.00000e+00 0.00000e+00 9.99999e-01 9.99999e-01 9.99999e-01 9.99999e-01 3.40697e-07 9.99999e-01 9.99974e-01 9.61565e-01
1.378481914e+01 0.00000e+00 0.00000e+00 9.99999e-01 9.99999e-01 9.99999e-01 9.99999e-01 3.29989e-05 9.99999e-01 9.99974e-01 9.58974e-01
1.385374323e+01 0.00000e+00 0.00000e+00 9.99999e-01 9.99999e-01 9.99999e-01 9.99999e-01 1.38778e-06 9.99999e-01 9.99975e-01 9.55971e-01
1.392301195e+01 0.00000e+00 0.00000e+00 9.99999e-01 9.99999e-01 9.99999e-01 9.99951e-01 1.95485e-08 9.99999e-01 9.99975e-01 9.53062e-01
1.399262701e+01 0.00000e+00 0.00000e+00 9.99999e-01 9.99999e-01 9.99999e-01 9.97239e-01 1.88734e-09 9.99999e-01 9.99976e-01 9.49974e-01
1.406259015e+01 0.00000e+00 0.00000e+00 9.99999e-01 9.99999e-01 9.99999e-01 9.88164e-01 3.10640e-10 9.99999e-01 9.99976e-01 9.46709e-01
1.413290310e+01 0.00000e+00 0.00000e+00 9.99999e-01 9.99999e-01 9.99999e-01 9.73320e-01 1.00741e-12 9.99999e-01 9.99977e-01 9.43195e-01
1.420356761e+01 0.00000e+00 0.00000e+00 9.99999e-01 9.99999e-01 9.99999e-01 9.45231e-01 1.67923e-20 9.99999e-01 9.99977e-01 9.39457e-01
1.427458545e+01 0.00000e+00 0.00000e+00 9.99999e-01 9.99999e-01 9.99999e-01 9.04859e-01 3.62132e-17 9.99999e-01 9.99978e-01 9.35476e-01
1.434595838e+01 0.00000e+00 0.00000e+00 9.99999e-01 9.99999e-01 9.99999e-01 8.28908e-01 6.05577e-19 9.99999e-01 9.99978e-01 9.31109e-01
1.441768817e+01 0.00000e+00 0.00000e+00 9.99999e-01 9.99999e-01 9.99999e-01 7.06706e-01 4.52312e-25 9.99999e-01 9.99978e-01 9.26446e-01
1.448977661e+01 0.00000e+00 0.00000e+00 9.99999e-01 9.99999e-01 9.99999e-01 4.47277e-01 1.43710e-28 9.99999e-01 9.99979e-01 9.21495e-01
1.456222549e+01 0.00000e+00 0.00000e+00 9.99999e-01 9.99999e-01 9.99999e-01 2.73726e-01 1.26469e-14 9.99999e-01 9.99979e-01 9.16129e-01
1.463503662e+01 0.00000e+00 0.00000e+00 9.99999e-01 9.99999e-01 9.99999e-01 1.49640e-01 1.63784e-12 9.99999e-01 9.99980e-01 9.10438e-01
1.470821180e+01 0.00000e+00 0.00000e+00 9.99999e-01 9.99999e-01 9.99999e-01 7.84688e-02 6.41674e-11 9.99999e-01 9.99980e-01 9.05078e-01
1.478175286e+01 0.00000e+00 0.00000e+00 9.99999e-01 9.99999e-01 9.99999e-01 3.54048e-02 8.07484e-12 9.99999e-01 9.99980e-01 8.98573e-01
1.485566163e+01 0.00000e+00 0.00000e+00 9.99999e-01 9.99999e-01 9.99999e-01 1.66803e-02 2.67197e-21 9.99999e-01 9.99981e-01 8.91668e-01
1.492993994e+01 0.00000e+00 0.00000e+00 9.99999e-01 9.99999e-01 9.99999e-01 5.80516e-03 8.10559e-21 9.99999e-01 9.99981e-01 8.85182e-01
1.500458964e+01 0.00000e+00 0.00000e+00 9.99999e-01 9.99999e-01 9.99999e-01 1.97909e-03 1.05129e-15 9.99999e-01 9.99981e-01 8.77212e-01
1.507961258e+01 0.00000e+00 0.00000e+00 9.99999e-01 9.99999e-01 9.99999e-01 5.44688e-04 2.99090e-13 9.99999e-01 9.99982e-01 8.68771e-01
1.515501065e+01 0.00000e+00 0.00000e+00 9.99999e-01 9.99999e-01 9.99999e-01 1.14372e-04 2.88603e-14 9.99999e-01 9.99982e-01 8.60865e-01
1.523078570e+01 0.00000e+00 0.00000e+00 9.99999e-01 9.99999e-01 9.99999e-01 1.91958e-05 8.67482e-13 9.99999e-01 9.99982e-01 8.51241e-01
1.530693963e+01 0.00000e+00 0.00000e+00 9.99999e-01 9.99999e-01 9.99999e-01 2.83841e-06 7.27207e-14 9.99999e-01 9.99983e-01 8.41062e-01
1.538347433e+01 0.00000e+00 0.00000e+00 9.99999e-01 9.99999e-01 9.99999e-01 1.78986e-07 8.86617e-20 9.99999e-01 9.99983e-01 8.22784e-01
1.546039170e+01 0.00000e+00 0.00000e+00 9.99999e-01 9.99999e-01 9.99999e-01 1.30060e-08 1.07855e-24 9.99999e-01 9.99983e-01 8.11986e-01
1.553769366e+01 0.00000e+00 0.00000e+00 9.99999e-01 9.99999e-01 9.99999e-01 2.45570e-10 2.73617e-26 9.99999e-01 9.99984e-01 7.99656e-01
1.561538212e+01 0.00000e+00 0.00000e+00 9.99999e-01 9.99999e-01 9.99999e-01 1.92905e-12 2.34737e-51 9.99999e-01 9.99984e-01 7.86663e-01
1.569345903e+01 0.00000e+00 0.00000e+00 9.99999e-01 9.99999e-01 9.99999e-01 3.99426e-15 5.59356e-48 9.99999e-01 9.99984e-01 7.74533e-01
1.577192633e+01 0.00000e+00 0.00000e+00 9.99999e-01 9.99999e-01 9.99999e-01 2.31726e-19 1.23261e-46 9.99999e-01 9.99985e-01 7.61818e-01
1.585078596e+01 0.00000e+00 0.00000e+00 9.99999e-01 9.99999e-01 9.99999e-01 6.88910e-23 3.92710e-27 9.99999e-01 9.99985e-01 7.48515e-01
1.593003989e+01 0.00000e+00 0.00000e+00 9.99999e-01 9.99999e-01 9.99999e-01 1.31800e-27 1.81444e-27 9.99999e-01 9.99985e-01 7.34278e-01
1.600969009e+01 0.00000e+00 0.00000e+00 9.99999e-01 9.99999e-01 9.99999e-01 3.15985e-32 6.21296e-43 9.99999e-01 9.99985e-01 7.17148e-01
1.608973854e+01 0.00000e+00 0.00000e+00 9.99999e-01 9.99999e-01 9.99999e-01 7.82046e-38 3.86224e-47 9.99999e-01 9.99986e-01 6.99201e-01
1.617018723e+01 0.00000e+00 0.00000e+00 9.99999e-01 9.99999e-01 9.99999e-01 9.36514e-42 1.19410e-35 9.99999e-01 9.99986e-01 6.82692e-01
1.625103817e+01 0.00000e+00 0.00000e+00 9.99999e-01 9.99999e-01 9.99999e-01 2.51458e-48 5.23907e-45 9.99999e-01 9.99986e-01 6.65492e-01
1.633229336e+01 0.00000e+00 0.00000e+00 9.99999e-01 9.99999e-01 9.99999e-01 8.97947e-55 9.34596e-41 9.99999e-01 9.99987e-01 6.47646e-01
1.641395483e+01 0.00000e+00 0.00000e+00 9.99999e-01 9.99999e-01 9.99999e-01 5.06991e-63 9.32987e-42 9.99999e-01 9.99987e-01 6.29088e-01
1.649602460e+01 0.00000e+00 0.00000e+00 9.99999e-01 9.99999e-01 9.99999e-01 1.52706e-67 7.54835e-44 9.99999e-01 9.99987e-01 6.09847e-01
1.657850473e+01 0.00000e+00 0.00000e+00 9.99999e-01 9.99999e-01 9.99999e-01 8.22506e-79 1.67928e-47 9.99999e-01 9.99987e-01 5.89967e-01
1.666139725e+01 0.00000e+00 0.00000e+00 9.99999e-01 9.99999e-01 9.99999e-01 3.78013e-86 2.18408e-85 9.99999e-01 9.99987e-01 5.69462e-01
1.674470424e+01 0.00000e+00 0.00000e+00 9.99999e-01 9.99999e-01 9.99999e-01 2.15638e-94 1.61410e-44 9.99999e-01 9.99988e-01 5.48397e-01
1.682842776e+01 0.00000e+00 0.00000e+00 9.99999e-01 9.99999e-01 9.99999e-01 1.39943e-106 8.90725e-44 9.99999e-01 9.99988e-01 5.26716e-01
1.691256990e+01 0.00000e+00 0.00000e+00 9.99999e-01 9.99999e-01 9.99999e-01 6.69293e-118 7.52458e-57 9.99999e-01 9.99988e-01 5.04505e-01
1.699713274e+01 0.00000e+00 0.00000e+00 9.99999e-01 9.99999e-01 9.99999e-01 1.79206e-123 2.55233e-63 9.99999e-01 9.99988e-01 4.81808e-01
