results_atm.txt
# ------------------------------------------------------------------------
# Spectra synthesized with the Planetary and Universal Model of Atmospheric Scattering (PUMAS, Villanueva et al. 2018, 2022)
# Single scattering radiative transfer method
# Radiative transfer took 0.273 seconds
# ------------------------------------------------------------------------
# Wave/freq Kepler-1065-b
1.000000000e+00  9.2308075e-10
1.010000000e+00  1.0742880e-09
1.020000000e+00  1.1641367e-09
1.030000000e+00  1.2008545e-09
1.040000000e+00  1.2210376e-09
1.050000000e+00  1.2185897e-09
1.060000000e+00  1.2196325e-09
1.070000000e+00  1.2218441e-09
1.080000000e+00  1.2275966e-09
1.090000000e+00  1.1053676e-09
1.100000000e+00  9.3541073e-10
1.110000000e+00  8.7012155e-10
1.120000000e+00  8.4084994e-10
1.130000000e+00  8.5289010e-10
1.140000000e+00  8.9704809e-10
1.150000000e+00  9.5892782e-10
1.160000000e+00  9.7136560e-10
1.170000000e+00  9.9799751e-10
1.180000000e+00  1.0717952e-09
1.190000000e+00  1.2108677e-09
1.200000000e+00  1.3353290e-09
1.210000000e+00  1.4388665e-09
1.220000000e+00  1.4892467e-09
1.230000000e+00  1.5348171e-09
1.240000000e+00  1.5721391e-09
1.250000000e+00  1.6184438e-09
1.260000000e+00  1.6471309e-09
1.270000000e+00  1.6360162e-09
1.280000000e+00  1.6062149e-09
1.290000000e+00  1.5779816e-09
1.300000000e+00  1.5781309e-09
1.310000000e+00  1.6179285e-09
1.320000000e+00  1.6046984e-09
1.330000000e+00  1.3220008e-09
1.340000000e+00  9.9062678e-10
1.350000000e+00  8.0426719e-10
1.360000000e+00  7.2912200e-10
1.370000000e+00  7.9867729e-10
1.380000000e+00  8.2686304e-10
1.390000000e+00  8.8059790e-10
1.400000000e+00  8.5659766e-10
1.410000000e+00  7.4774532e-10
1.420000000e+00  7.7132890e-10
1.430000000e+00  7.7169726e-10
1.440000000e+00  8.5146283e-10
1.450000000e+00  9.4040047e-10
1.460000000e+00  1.0676683e-09
1.470000000e+00  1.1425477e-09
1.480000000e+00  1.1879169e-09
1.490000000e+00  1.2599791e-09
1.500000000e+00  1.4031428e-09
1.510000000e+00  1.5378353e-09
1.520000000e+00  1.6659834e-09
1.530000000e+00  1.7307292e-09
1.540000000e+00  1.8831112e-09
1.550000000e+00  1.9923317e-09
1.560000000e+00  2.0608914e-09
1.570000000e+00  2.1523774e-09
1.580000000e+00  2.1889465e-09
1.590000000e+00  2.2306760e-09
1.600000000e+00  2.2724300e-09
1.610000000e+00  2.2860806e-09
1.620000000e+00  2.3014947e-09
1.630000000e+00  2.3035425e-09
1.640000000e+00  2.3244808e-09
1.650000000e+00  2.3271077e-09
1.660000000e+00  2.2941888e-09
1.670000000e+00  2.2804267e-09
1.680000000e+00  2.3106704e-09
1.690000000e+00  2.2827980e-09
1.700000000e+00  2.2808747e-09
1.710000000e+00  2.2852537e-09
1.720000000e+00  2.1809495e-09
1.730000000e+00  2.0713620e-09
1.740000000e+00  2.0367344e-09
1.750000000e+00  1.9569009e-09
1.760000000e+00  1.8590203e-09
1.770000000e+00  1.7677329e-09
1.780000000e+00  1.6647172e-09
1.790000000e+00  1.6032950e-09
1.800000000e+00  1.4525295e-09
1.810000000e+00  1.3550336e-09
1.820000000e+00  1.3776540e-09
1.830000000e+00  1.3990918e-09
1.840000000e+00  1.3257510e-09
1.850000000e+00  1.2613331e-09
1.860000000e+00  1.0822729e-09
1.870000000e+00  1.2297884e-09
1.880000000e+00  1.3151161e-09
1.890000000e+00  1.3827574e-09
1.900000000e+00  1.4966394e-09
1.910000000e+00  1.5228431e-09
1.920000000e+00  1.5310452e-09
1.930000000e+00  1.4114484e-09
1.940000000e+00  1.2004871e-09
1.950000000e+00  1.3054547e-09
1.960000000e+00  1.3136852e-09
1.970000000e+00  1.3384888e-09
1.980000000e+00  1.3458941e-09
1.990000000e+00  1.4188105e-09
results_cfg.txt
<OBJECT>Exoplanet
<OBJECT-NAME>Kepler-1065 b
<OBJECT-DATE>2025/04/28 18:41
<OBJECT-ORBIT>0.00000000,0.00000,3.60930891,0.00000,0.04550,2454967.693807
<OBJECT-SEASON>25.7
<OBJECT-PERIOD>3.60930891
<OBJECT-SOLAR-LONGITUDE>0.0
<OBJECT-SOLAR-LATITUDE>0.00
<OBJECT-OBS-LONGITUDE>334.29
<OBJECT-OBS-LATITUDE>1.19
<OBJECT-POSITION-ANGLE>0.00
<OBJECT-DIAMETER>47580.5
<OBJECT-STAR-RADIUS>0.93
<OBJECT-STAR-METALLICITY>-0.01
<OBJECT-STAR-TYPE>G
<OBJECT-STAR-TEMPERATURE>5635.0
<OBJECT-OBS-VELOCITY>0.000
<OBJECT-STAR-DISTANCE>0.04550
<OBJECT-STAR-VELOCITY>0.00000
<OBJECT-INCLINATION>88.81
<OBJECT-SHAPE>Sphere
<GEOMETRY-ALTITUDE-UNIT>pc
<GEOMETRY-OBS-ALTITUDE>1122.4800
<GEOMETRY-STAR-DISTANCE>1.374162e-05
<GEOMETRY-SOLAR-ANGLE>52.593
<GEOMETRY-OBS-ANGLE>48.121
<GEOMETRY-PLANET-FRACTION>1.000e+00
<GEOMETRY-BRDFSCALER>1.000
<GEOMETRY-TEMISSION>1518.600
<GEOMETRY-AZIMUTH>0.000
<GEOMETRY-STAR-FRACTION>0.000000e+00
<GEOMETRY-ROTATION>59.46,0.34
<GEOMETRY>Observatory
<ATMOSPHERE-DESCRIPTION>Parmentier+2014; Kempton_1.0Xsolar_cond
<ATMOSPHERE-STRUCTURE>Equilibrium
<ATMOSPHERE-WEIGHT>2.36
<ATMOSPHERE-PRESSURE>1.0000
<ATMOSPHERE-PUNIT>bar
<ATMOSPHERE-NGAS>8
<ATMOSPHERE-GAS>H2,He,CO,H2O,CH4,CO2,O2,O3
<ATMOSPHERE-TYPE>HIT[45],HIT[0],HIT[5],HIT[1],HIT[6],HIT[2],HIT[7],HIT[3]
<ATMOSPHERE-ABUN>1.0,1.0,1.0,1.0,1.0,1.0,1.0,1.0
<ATMOSPHERE-UNIT>scl,scl,scl,scl,scl,scl,scl,scl
<ATMOSPHERE-LAYERS-MOLECULES>H2,He,CO,H2O,N2,H2S,H,SiO,Na,CH4,HCl,K,SH,NH3,PH3,CO2,HF,HCN,COS,OH,H2CO,C2H2,SiH,C2H4,NO,O,SO2,N,O2,C,NO2,O3
<ATMOSPHERE-LAYERS>50
<ATMOSPHERE-LAYER-1>1.0000e+03,2.4460e+03,8.3612e-01,1.6155e-01,1.1394e-04,7.9835e-04,3.9197e-05,2.7856e-05,5.7008e-04,5.7803e-05,3.1199e-06,3.6455e-04,3.3038e-07,2.1272e-07,6.8635e-07,5.4525e-05,2.4530e-07,2.0463e-08,4.4581e-08,1.3074e-06,1.6649e-10,1.0779e-07,6.2938e-08,1.1184e-07,4.2641e-07,7.5430e-08,4.6382e-11,4.7876e-11,2.3848e-14,3.4390e-11,1.8933e-14,2.8337e-13,3.7764e-19,2.0901e-26
<ATMOSPHERE-LAYER-2>6.5513e+02,2.2038e+03,8.3646e-01,1.6158e-01,6.6788e-05,7.7337e-04,3.7434e-05,2.7864e-05,2.0679e-04,5.5437e-05,3.2555e-06,3.1579e-04,3.3951e-07,2.2021e-07,3.5394e-07,4.6489e-05,2.8564e-07,1.3369e-08,4.9545e-08,5.0931e-07,9.4568e-11,2.7335e-08,2.5412e-08,2.2266e-08,1.0061e-07,2.6540e-08,8.5951e-12,4.6036e-12,9.7532e-15,3.1194e-12,1.8005e-15,7.4117e-15,2.3786e-20,2.2665e-28
<ATMOSPHERE-LAYER-3>4.2919e+02,1.9793e+03,8.3677e-01,1.6160e-01,3.5691e-05,6.7867e-04,3.5318e-05,2.7980e-05,6.2465e-05,4.2602e-05,3.3782e-06,3.3390e-04,3.3341e-07,2.2445e-07,1.5973e-07,4.1378e-05,3.3671e-07,7.4445e-09,5.5520e-08,1.9970e-07,4.9286e-11,4.9550e-09,9.4862e-09,4.7141e-09,1.7410e-08,1.1589e-08,1.0838e-12,2.6528e-13,2.7263e-15,1.8994e-13,9.3295e-17,1.2078e-16,7.8951e-22,8.7868e-31
<ATMOSPHERE-LAYER-4>2.8118e+02,1.7981e+03,8.3692e-01,1.6163e-01,2.2837e-05,6.1523e-04,3.4857e-05,2.9418e-05,1.9416e-05,9.8075e-31,3.4710e-06,4.0133e-04,2.9654e-07,2.2284e-07,7.6619e-08,3.7582e-05,3.9042e-07,5.1497e-09,5.7801e-08,9.3118e-08,3.2392e-11,9.5833e-10,4.2527e-09,1.3447e-09,5.1016e-33,6.6918e-09,1.5021e-13,1.6768e-14,8.7757e-16,1.2506e-14,5.4772e-18,2.4335e-18,3.0481e-23,4.1820e-33
<ATMOSPHERE-LAYER-5>1.8421e+02,1.6899e+03,8.3695e-01,1.6164e-01,2.2106e-05,6.2611e-04,3.8822e-05,3.0634e-05,9.0866e-06,0.0000e+00,3.5389e-06,4.3387e-04,2.5506e-07,2.1861e-07,4.8759e-08,3.2923e-05,4.2273e-07,5.7653e-09,5.7847e-08,6.1974e-08,3.2203e-11,3.4953e-10,2.8332e-09,6.4198e-10,0.0000e+00,4.6404e-09,4.5951e-14,2.9647e-15,5.3599e-16,2.0768e-15,1.0028e-18,1.8871e-19,4.1375e-24,1.4241e-34
<ATMOSPHERE-LAYER-6>1.2068e+02,1.6274e+03,8.3695e-01,1.6164e-01,2.8903e-05,6.3930e-04,4.8114e-05,3.0647e-05,6.0180e-06,0.0000e+00,3.6052e-06,4.4637e-04,2.2927e-07,2.1655e-07,3.8299e-08,2.7976e-05,4.3714e-07,8.3682e-09,5.7829e-08,5.8351e-08,4.1790e-11,1.9899e-10,2.5066e-09,5.1657e-10,0.0000e+00,4.0829e-09,2.5129e-14,1.1434e-15,4.5151e-16,7.5959e-16,3.9939e-19,4.8202e-20,1.3556e-24,1.9429e-35
<ATMOSPHERE-LAYER-7>7.9060e+01,1.5925e+03,8.3698e-01,1.6163e-01,3.9431e-05,6.0383e-04,5.4920e-05,3.0552e-05,5.2023e-06,0.0000e+00,3.6514e-06,3.9642e-04,2.2113e-07,2.1680e-07,3.6375e-08,2.1377e-05,4.2459e-07,1.1314e-08,5.7830e-08,5.9275e-08,5.6583e-11,1.4719e-10,2.2825e-09,4.9960e-10,0.0000e+00,3.4698e-09,1.8250e-14,7.4062e-16,4.2562e-16,4.6943e-16,2.4592e-19,2.7645e-20,6.8513e-25,6.0441e-36
<ATMOSPHERE-LAYER-8>5.1795e+01,1.5737e+03,8.3705e-01,1.6161e-01,5.3262e-05,5.3825e-04,5.6418e-05,3.0417e-05,5.1954e-06,3.4273e-49,3.6789e-06,3.1961e-04,2.1624e-07,2.1751e-07,3.8308e-08,1.4961e-05,3.9367e-07,1.4023e-08,5.7822e-08,5.9826e-08,7.5908e-11,1.2350e-10,2.0430e-09,5.1579e-10,2.6463e-50,2.7964e-09,1.4758e-14,6.2536e-16,4.1350e-16,3.7386e-16,1.8580e-19,2.4146e-20,4.1164e-25,2.8030e-36
<ATMOSPHERE-LAYER-9>3.3932e+01,1.5636e+03,8.3712e-01,1.6159e-01,8.0720e-05,4.8117e-04,5.8412e-05,3.0317e-05,5.7321e-06,2.3407e-44,3.7121e-06,2.6074e-04,2.2224e-07,2.2008e-07,4.3431e-08,1.0256e-05,3.6349e-07,1.9293e-08,5.7832e-08,6.7722e-08,1.1450e-10,1.1803e-10,2.0408e-09,6.5222e-10,6.1784e-46,2.5431e-09,1.3972e-14,6.6204e-16,4.4777e-16,3.6944e-16,1.7618e-19,3.0537e-20,3.1621e-25,1.9484e-36
<ATMOSPHERE-LAYER-10>2.2230e+01,1.5584e+03,8.3719e-01,1.6157e-01,1.2922e-04,4.3000e-04,6.0696e-05,3.0224e-05,6.6719e-06,7.6165e-40,3.7486e-06,2.1295e-04,2.3409e-07,2.2365e-07,5.1213e-08,6.9517e-06,3.3435e-07,2.7824e-08,5.7850e-08,8.1092e-08,1.8261e-10,1.2075e-10,2.1472e-09,9.1019e-10,7.3816e-42,2.4423e-09,1.4365e-14,7.8995e-16,5.1189e-16,4.0983e-16,1.8806e-19,4.6874e-20,2.7606e-25,1.6738e-36
<ATMOSPHERE-LAYER-11>1.4563e+01,1.5556e+03,8.3726e-01,1.6155e-01,2.1217e-04,3.8383e-04,6.3173e-05,3.0131e-05,7.9889e-06,3.0215e-35,3.7869e-06,1.7356e-04,2.4951e-07,2.2778e-07,6.1649e-08,4.6829e-06,3.0669e-07,4.0950e-08,5.7873e-08,9.9750e-08,2.9877e-10,1.2793e-10,2.3137e-09,1.3311e-09,1.0549e-37,2.4014e-09,1.5412e-14,1.0032e-15,6.0095e-16,4.8324e-16,2.1328e-19,7.9502e-20,2.5735e-25,1.6037e-36
<ATMOSPHERE-LAYER-12>9.5410e+00,1.5541e+03,8.3732e-01,1.6153e-01,3.3538e-04,3.4417e-04,6.5529e-05,2.9934e-05,9.7091e-06,1.4969e-30,3.8237e-06,1.3355e-04,2.6635e-07,2.3198e-07,7.4760e-08,3.1377e-06,2.7835e-07,5.8171e-08,5.7895e-08,1.1737e-07,4.6906e-10,1.3877e-10,2.3983e-09,1.7822e-09,1.7943e-33,2.1353e-09,1.6959e-14,1.3231e-15,7.2033e-16,5.8712e-16,2.5230e-19,1.3431e-19,2.5035e-25,1.6525e-36
<ATMOSPHERE-LAYER-13>6.2506e+00,1.5533e+03,8.3734e-01,1.6152e-01,3.5861e-04,3.2224e-04,6.5801e-05,2.8957e-05,1.1892e-05,3.5794e-26,3.8398e-06,6.6041e-05,2.7556e-07,2.3431e-07,8.8784e-08,2.0643e-06,2.3524e-07,5.8304e-08,5.7904e-08,8.8011e-08,4.8512e-10,1.5874e-10,1.6809e-09,9.9961e-10,1.2758e-29,7.9028e-10,1.9401e-14,1.8544e-15,9.2409e-16,7.1356e-16,3.3111e-19,1.4997e-19,2.6615e-25,1.9998e-36
<ATMOSPHERE-LAYER-14>4.0949e+00,1.5529e+03,8.3736e-01,1.6151e-01,3.8399e-04,3.0123e-04,6.6076e-05,2.8017e-05,1.4625e-05,1.6132e-21,3.8562e-06,3.2621e-05,2.8541e-07,2.3673e-07,1.0577e-07,1.3568e-06,1.9863e-07,5.8395e-08,5.7912e-08,6.6190e-08,5.0255e-10,1.8226e-10,1.1794e-09,5.6352e-10,1.6058e-25,2.9298e-10,2.2297e-14,2.6188e-15,1.1869e-15,8.7482e-16,4.3713e-19,1.6975e-19,2.8480e-25,2.4481e-36
<ATMOSPHERE-LAYER-15>2.6827e+00,1.5527e+03,8.3738e-01,1.6150e-01,4.1142e-04,2.8139e-04,6.6353e-05,2.7109e-05,1.8020e-05,9.6149e-17,3.8727e-06,1.6103e-05,2.9577e-07,2.3920e-07,1.2620e-07,8.9138e-07,1.6764e-07,5.8466e-08,5.7921e-08,4.9843e-08,5.2098e-10,2.0962e-10,8.2801e-10,3.1837e-10,2.6002e-21,1.0869e-10,2.5681e-14,3.7116e-15,1.5255e-15,1.0769e-15,5.7876e-19,1.9335e-19,3.0572e-25,3.0135e-36
<ATMOSPHERE-LAYER-16>1.7575e+00,1.5514e+03,8.3740e-01,1.6149e-01,4.4056e-04,2.6237e-04,6.6630e-05,2.6295e-05,2.1944e-05,4.5443e-12,3.8890e-06,8.0549e-06,3.0610e-07,2.4160e-07,1.4964e-07,5.8731e-07,1.4195e-07,5.8488e-08,5.7930e-08,3.7589e-08,5.4103e-10,2.3704e-10,5.8133e-10,1.8081e-10,3.3817e-17,4.0925e-11,2.9001e-14,5.1135e-15,1.9345e-15,1.2928e-15,7.4363e-19,2.1389e-19,3.1793e-25,3.5195e-36
<ATMOSPHERE-LAYER-17>1.1514e+00,1.5421e+03,8.3743e-01,1.6149e-01,4.7135e-04,2.3955e-04,6.6904e-05,2.6063e-05,2.4408e-05,1.7456e-07,3.9035e-06,4.5041e-06,3.1418e-07,2.4344e-07,1.6973e-07,3.9568e-07,1.2330e-07,5.7957e-08,5.7938e-08,2.8959e-08,5.7302e-10,2.3381e-10,4.0975e-10,1.0903e-10,3.3405e-13,1.7627e-11,2.7960e-14,5.6312e-15,2.1916e-15,1.2801e-15,7.4911e-19,1.9095e-19,2.5581e-25,2.6927e-36
<ATMOSPHERE-LAYER-18>7.5431e-01,1.5186e+03,8.3744e-01,1.6148e-01,4.8276e-04,2.2616e-04,6.7010e-05,2.6845e-05,2.3131e-05,1.1686e-05,3.9085e-06,2.7402e-06,3.1448e-07,2.4352e-07,1.7800e-07,2.7696e-07,1.0113e-07,5.8107e-08,5.7939e-08,2.0674e-08,6.0271e-10,1.9434e-10,2.7883e-10,5.8336e-11,9.0754e-12,7.6869e-12,2.1845e-14,4.4785e-15,2.3428e-15,9.0060e-16,5.6516e-19,1.0425e-19,1.5039e-25,1.2050e-36
<ATMOSPHERE-LAYER-19>4.9417e-01,1.4956e+03,8.3745e-01,1.6149e-01,4.8270e-04,2.2246e-04,6.7039e-05,2.6866e-05,2.1903e-05,4.6077e-08,3.9102e-06,1.5634e-06,3.1228e-07,2.4314e-07,1.8124e-07,1.9380e-07,7.9288e-08,5.9270e-08,5.7942e-08,1.3822e-08,6.0136e-10,1.6811e-10,1.8525e-10,2.7411e-11,4.4730e-14,2.9459e-12,1.7749e-14,3.7038e-15,2.6395e-15,6.3205e-16,4.6199e-19,5.3205e-20,9.5733e-26,6.0782e-37
<ATMOSPHERE-LAYER-20>3.2375e-01,1.5017e+03,8.3743e-01,1.6149e-01,4.8446e-04,2.3349e-04,6.7081e-05,2.5416e-05,2.9196e-05,1.7666e-05,3.9202e-06,5.9421e-07,3.2229e-07,2.4542e-07,2.2393e-07,1.2464e-07,5.6237e-08,6.1787e-08,5.7946e-08,8.6515e-09,5.7142e-10,2.4024e-10,1.2131e-10,1.0579e-11,7.1850e-12,6.9962e-13,2.5832e-14,7.0362e-15,4.5377e-15,9.1814e-16,9.1993e-19,6.1944e-20,1.5606e-25,1.4513e-36
<ATMOSPHERE-LAYER-21>2.1210e-01,1.5108e+03,8.3739e-01,1.6149e-01,4.8582e-04,2.5149e-04,6.7120e-05,2.4152e-05,3.9945e-05,2.7857e-05,3.9291e-06,2.1420e-07,3.3056e-07,2.4734e-07,2.8324e-07,7.9642e-08,3.9352e-08,6.5817e-08,5.7944e-08,5.2707e-09,5.4519e-10,3.6423e-10,7.9262e-11,3.8491e-12,9.4375e-12,1.5332e-13,4.0132e-14,1.4542e-14,8.4755e-15,1.4097e-15,2.0441e-18,7.5112e-20,2.8499e-25,4.1541e-36
<ATMOSPHERE-LAYER-22>1.3895e-01,1.4668e+03,8.3745e-01,1.6150e-01,4.8606e-04,2.3134e-04,6.7150e-05,2.5359e-05,2.8493e-05,1.2969e-23,3.9253e-06,1.7418e-07,3.2064e-07,2.4511e-07,2.4584e-07,5.9794e-08,3.4192e-08,6.5349e-08,5.7947e-08,3.7863e-09,5.6950e-10,2.0504e-10,5.3511e-11,2.2036e-12,4.9589e-28,9.0457e-14,1.9845e-14,5.9559e-15,6.5609e-15,5.4121e-16,7.7784e-19,1.9667e-20,8.1022e-26,5.5494e-37
<ATMOSPHERE-LAYER-23>9.1030e-02,1.3652e+03,8.3755e-01,1.6150e-01,4.8729e-04,1.9437e-04,6.7166e-05,3.0322e-05,8.8915e-06,0.0000e+00,3.8936e-06,3.5878e-07,2.7273e-07,2.3381e-07,1.3246e-07,5.5137e-08,3.8405e-08,6.6699e-08,5.7933e-08,3.0197e-09,6.7388e-10,3.6593e-11,3.7867e-11,1.8205e-12,0.0000e+00,1.5246e-13,2.5583e-15,3.4850e-16,2.0768e-15,3.5713e-17,3.9218e-20,6.6041e-22,2.7044e-27,2.1039e-39
<ATMOSPHERE-LAYER-24>5.9636e-02,1.2543e+03,8.3756e-01,1.6149e-01,4.8503e-04,1.9539e-04,6.7163e-05,3.0382e-05,1.8945e-06,0.0000e+00,3.8203e-06,9.0443e-07,1.6272e-07,2.0941e-07,4.4989e-08,5.5983e-08,4.4689e-08,8.5644e-08,5.7884e-08,2.0092e-09,6.6270e-10,4.7839e-12,2.7186e-11,1.1272e-12,0.0000e+00,2.6456e-13,2.2076e-16,1.0339e-17,5.3535e-16,1.0418e-18,1.2086e-21,6.7830e-24,5.2172e-29,2.9823e-42
<ATMOSPHERE-LAYER-25>3.9069e-02,1.1608e+03,8.3755e-01,1.6150e-01,4.7577e-04,2.0350e-04,6.7154e-05,3.0180e-05,4.1233e-07,0.0000e+00,3.7564e-06,2.1266e-06,6.9534e-08,1.8707e-07,1.5309e-08,5.6616e-08,4.6881e-08,1.1232e-07,5.7765e-08,1.2707e-09,6.3809e-10,6.6430e-13,1.9219e-11,6.2861e-13,0.0000e+00,4.0721e-13,2.0339e-17,3.3250e-19,1.5032e-16,3.1682e-20,4.1829e-23,6.9481e-26,1.1337e-30,5.0961e-45
<ATMOSPHERE-LAYER-26>2.5595e-02,1.0873e+03,8.3754e-01,1.6150e-01,4.6015e-04,2.1380e-04,6.7154e-05,3.0025e-05,1.0793e-07,0.0000e+00,3.7170e-06,4.0562e-06,2.7259e-08,1.7152e-07,5.9578e-09,5.4714e-08,3.4064e-08,1.4298e-07,5.7569e-08,7.8299e-10,6.0819e-10,1.1773e-13,1.3261e-11,3.2140e-13,0.0000e+00,4.9384e-13,2.4987e-18,1.6303e-20,5.1981e-17,1.4250e-21,2.2196e-24,1.1187e-27,3.8811e-32,1.8602e-47
<ATMOSPHERE-LAYER-27>1.6768e-02,1.0323e+03,8.3752e-01,1.6150e-01,4.4608e-04,2.1944e-04,6.7160e-05,3.0030e-05,3.4806e-08,0.0000e+00,3.7082e-06,6.4245e-06,1.0725e-08,1.6376e-07,2.7107e-09,5.0208e-08,1.0408e-08,1.7322e-07,5.7269e-08,4.9316e-10,5.8543e-10,2.6608e-14,9.0637e-12,1.6504e-13,0.0000e+00,5.0650e-13,4.1124e-19,1.2463e-21,2.1356e-17,9.9832e-23,1.7876e-25,3.1664e-29,2.0789e-33,1.4507e-49
<ATMOSPHERE-LAYER-28>1.0985e-02,9.9421e+02,8.3755e-01,1.6150e-01,4.6597e-04,2.0631e-04,6.7178e-05,3.0028e-05,1.6434e-08,0.0000e+00,3.6913e-06,8.1307e-06,5.8643e-09,1.5820e-07,2.0041e-12,4.1877e-08,4.5974e-09,1.9591e-07,5.7120e-08,3.6355e-10,6.0842e-10,8.9849e-15,6.5371e-12,1.0788e-13,0.0000e+00,4.8201e-13,1.1067e-19,2.0561e-22,1.0844e-17,1.5790e-23,2.8249e-26,2.8508e-30,2.3106e-34,0.0000e+00
<ATMOSPHERE-LAYER-29>7.1969e-03,9.6998e+02,8.3754e-01,1.6150e-01,4.6266e-04,2.1265e-04,6.7184e-05,3.0032e-05,9.8575e-09,0.0000e+00,3.7044e-06,6.9944e-06,3.7829e-09,1.5571e-07,8.7390e-25,3.2890e-08,1.8091e-09,2.2313e-07,5.6628e-08,2.3141e-10,6.0215e-10,4.5203e-15,4.4209e-12,5.0235e-14,0.0000e+00,2.6803e-13,4.6950e-20,6.3656e-23,8.4512e-18,4.1591e-24,9.1442e-27,4.1444e-31,5.4474e-35,0.0000e+00
<ATMOSPHERE-LAYER-30>4.7149e-03,9.5570e+02,8.3754e-01,1.6150e-01,4.6051e-04,2.1428e-04,6.7187e-05,3.0032e-05,7.9557e-09,0.0000e+00,3.7062e-06,4.5665e-06,3.1873e-09,1.5428e-07,4.5461e-32,2.3977e-08,9.3066e-10,2.3837e-07,5.6497e-08,1.5051e-10,5.9818e-10,3.2557e-15,2.9497e-12,2.3067e-14,0.0000e+00,1.1485e-13,3.0582e-20,3.7565e-23,8.5048e-18,2.0668e-24,5.4836e-27,1.3432e-31,2.4846e-35,0.0000e+00
<ATMOSPHERE-LAYER-31>3.0888e-03,9.4774e+02,8.3754e-01,1.6150e-01,4.6460e-04,2.1041e-04,6.7190e-05,3.0031e-05,7.7543e-09,0.0000e+00,3.7077e-06,2.5611e-06,3.1781e-09,1.5363e-07,4.0731e-36,1.6671e-08,5.7760e-10,2.4458e-07,5.6582e-08,1.0160e-10,6.0283e-10,2.9121e-15,1.9747e-12,1.1002e-14,0.0000e+00,4.3702e-14,2.5867e-20,3.3026e-23,9.8410e-18,1.5377e-24,4.7562e-27,7.4205e-32,1.6849e-35,0.0000e+00
<ATMOSPHERE-LAYER-32>2.0236e-03,9.4347e+02,8.3755e-01,1.6150e-01,4.7183e-04,2.0402e-04,6.7194e-05,3.0030e-05,8.4351e-09,0.0000e+00,3.7092e-06,1.3100e-06,3.4939e-09,1.5344e-07,2.8109e-38,1.1277e-08,3.9835e-10,2.4542e-07,5.6779e-08,6.9820e-11,6.1183e-10,2.9620e-15,1.3229e-12,5.3247e-15,0.0000e+00,1.5402e-14,2.5532e-20,3.6706e-23,1.2412e-17,1.4470e-24,5.1386e-27,5.5696e-32,1.4462e-35,0.0000e+00
<ATMOSPHERE-LAYER-33>1.3257e-03,9.4123e+02,8.3756e-01,1.6150e-01,4.8058e-04,1.9671e-04,6.7197e-05,3.0030e-05,9.7466e-09,0.0000e+00,3.7106e-06,6.3570e-07,4.0523e-09,1.5352e-07,2.1246e-39,7.5134e-09,2.9058e-10,2.4341e-07,5.7030e-08,4.8363e-11,6.2296e-10,3.2375e-15,8.8593e-13,2.5878e-15,0.0000e+00,5.1845e-15,2.7469e-20,4.6467e-23,1.6454e-17,1.5492e-24,6.2801e-27,4.9382e-32,1.4167e-35,0.0000e+00
<ATMOSPHERE-LAYER-34>8.6851e-04,9.4006e+02,8.3757e-01,1.6149e-01,4.8692e-04,1.9166e-04,6.7200e-05,3.0029e-05,1.1630e-08,0.0000e+00,3.7124e-06,2.9392e-07,4.8238e-09,1.5383e-07,5.7561e-40,4.9656e-09,2.1389e-10,2.4153e-07,5.7242e-08,3.2962e-11,6.3105e-10,3.7266e-15,5.8916e-13,1.2101e-15,0.0000e+00,1.6349e-15,3.1362e-20,6.3901e-23,2.3015e-17,1.7767e-24,8.4204e-27,4.6880e-32,1.5298e-35,0.0000e+00
<ATMOSPHERE-LAYER-35>5.6899e-04,9.3946e+02,8.3757e-01,1.6149e-01,4.8706e-04,1.9152e-04,6.7201e-05,3.0027e-05,1.4112e-08,0.0000e+00,3.7150e-06,1.2860e-07,5.8012e-09,1.5439e-07,3.0447e-40,3.2678e-09,1.5344e-10,2.4208e-07,5.7332e-08,2.1620e-11,6.3115e-10,4.4957e-15,3.8646e-13,5.2244e-16,0.0000e+00,4.6938e-16,3.7674e-20,9.3602e-23,3.4445e-17,2.1122e-24,1.2330e-26,4.4768e-32,1.8083e-35,0.0000e+00
<ATMOSPHERE-LAYER-36>3.7276e-04,9.3915e+02,8.3757e-01,1.6149e-01,4.8721e-04,1.9138e-04,6.7201e-05,3.0026e-05,1.7274e-08,0.0000e+00,3.7176e-06,5.5773e-08,7.0308e-09,1.5499e-07,2.2796e-40,2.1458e-09,1.1084e-10,2.4230e-07,5.7425e-08,1.4180e-11,6.3128e-10,5.4845e-15,2.5339e-13,2.2514e-16,0.0000e+00,1.3354e-16,4.5859e-20,1.3982e-22,5.2006e-17,2.5583e-24,1.8408e-26,4.3738e-32,2.1822e-35,0.0000e+00
<ATMOSPHERE-LAYER-37>2.4421e-04,9.3899e+02,8.3757e-01,1.6149e-01,4.8735e-04,1.9124e-04,6.7201e-05,3.0024e-05,2.1240e-08,0.0000e+00,3.7201e-06,2.4079e-08,8.5547e-09,1.5561e-07,2.0426e-40,1.4075e-09,8.0349e-11,2.4237e-07,5.7521e-08,9.3002e-12,6.3143e-10,6.7295e-15,1.6609e-13,9.6932e-17,0.0000e+00,3.7817e-17,5.6205e-20,2.1098e-22,7.8877e-17,3.1286e-24,2.7759e-26,4.3239e-32,2.6616e-35,0.0000e+00
<ATMOSPHERE-LAYER-38>1.5999e-04,9.3890e+02,8.3757e-01,1.6149e-01,4.8750e-04,1.9110e-04,6.7201e-05,3.0023e-05,2.6177e-08,0.0000e+00,3.7227e-06,1.0371e-08,1.0430e-08,1.5625e-07,2.0082e-40,9.2266e-10,5.8355e-11,2.4235e-07,5.7617e-08,6.0994e-12,6.3158e-10,8.2817e-15,1.0886e-13,4.1713e-17,0.0000e+00,1.0683e-17,6.9129e-20,3.2003e-22,1.1991e-16,3.8450e-24,4.2077e-26,4.3006e-32,3.2643e-35,0.0000e+00
<ATMOSPHERE-LAYER-39>1.0481e-04,9.3886e+02,8.3757e-01,1.6149e-01,4.8765e-04,1.9096e-04,6.7202e-05,3.0021e-05,3.2300e-08,0.0000e+00,3.7253e-06,4.4618e-09,1.2730e-08,1.5690e-07,2.0710e-40,6.0466e-10,4.2420e-11,2.4229e-07,5.7714e-08,4.0002e-12,6.3174e-10,1.0208e-14,7.1344e-14,1.7945e-17,0.0000e+00,3.0142e-18,8.5179e-20,4.8674e-22,1.8252e-16,4.7375e-24,6.3949e-26,4.2908e-32,4.0148e-35,0.0000e+00
<ATMOSPHERE-LAYER-40>6.8665e-05,9.3884e+02,8.3756e-01,1.6149e-01,4.8765e-04,2.0094e-04,6.7202e-05,3.0020e-05,3.9880e-08,0.0000e+00,3.7301e-06,1.8210e-09,1.5322e-08,1.5817e-07,2.1892e-40,3.9619e-10,2.8549e-11,2.5498e-07,5.7752e-08,2.4904e-12,6.3171e-10,1.3259e-14,4.6741e-14,6.9567e-18,0.0000e+00,7.6592e-19,1.1063e-19,7.8065e-22,3.0828e-16,5.8449e-24,1.0793e-25,4.0706e-32,5.4839e-35,0.0000e+00
<ATMOSPHERE-LAYER-41>4.4984e-05,9.3883e+02,8.3755e-01,1.6149e-01,4.8764e-04,2.1281e-04,6.7202e-05,3.0018e-05,4.9254e-08,0.0000e+00,3.7352e-06,7.3816e-10,1.8415e-08,1.5954e-07,2.3438e-40,2.5957e-10,1.9033e-11,2.7006e-07,5.7783e-08,1.5405e-12,6.3167e-10,1.7342e-14,3.0620e-14,2.6618e-18,0.0000e+00,1.9204e-19,1.4468e-19,1.2611e-21,5.2763e-16,7.2160e-24,1.8465e-25,3.8399e-32,7.5937e-35,0.0000e+00
<ATMOSPHERE-LAYER-42>2.9471e-05,9.3882e+02,8.3753e-01,1.6149e-01,4.8763e-04,2.2539e-04,6.7202e-05,3.0016e-05,6.0841e-08,0.0000e+00,3.7403e-06,2.9917e-10,2.2134e-08,1.6091e-07,2.5260e-40,1.7006e-10,1.2691e-11,2.8602e-07,5.7814e-08,9.5284e-13,6.3162e-10,2.2687e-14,2.0060e-14,1.0184e-18,0.0000e+00,4.8144e-20,1.8927e-19,2.0379e-21,9.0320e-16,8.9119e-24,3.1604e-25,3.6238e-32,1.0519e-34,0.0000e+00
<ATMOSPHERE-LAYER-43>1.9307e-05,9.3882e+02,8.3752e-01,1.6149e-01,4.8761e-04,2.3870e-04,6.7202e-05,3.0014e-05,7.5161e-08,0.0000e+00,3.7453e-06,1.2124e-10,2.6607e-08,1.6230e-07,2.7316e-40,1.1141e-10,8.4623e-12,3.0292e-07,5.7845e-08,5.8937e-13,6.3157e-10,2.9682e-14,1.3141e-14,3.8966e-19,0.0000e+00,1.2068e-20,2.4762e-19,3.2938e-21,1.5462e-15,1.1008e-23,5.4100e-25,3.4206e-32,1.4575e-34,0.0000e+00
<ATMOSPHERE-LAYER-44>1.2649e-05,9.3882e+02,8.3751e-01,1.6149e-01,4.8760e-04,2.5281e-04,6.7202e-05,3.0013e-05,9.2855e-08,0.0000e+00,3.7504e-06,4.9130e-11,3.1985e-08,1.6370e-07,2.9593e-40,7.2986e-11,5.6430e-12,3.2082e-07,5.7876e-08,3.6455e-13,6.3152e-10,3.8837e-14,8.6087e-15,1.4908e-19,0.0000e+00,3.0250e-21,3.2400e-19,5.3243e-21,2.6472e-15,1.3599e-23,9.2620e-25,3.2292e-32,2.0196e-34,0.0000e+00
<ATMOSPHERE-LAYER-45>8.2864e-06,9.3882e+02,8.3751e-01,1.6149e-01,4.8759e-04,2.5445e-04,6.7202e-05,3.0044e-05,1.1472e-07,0.0000e+00,3.7566e-06,2.0950e-11,3.7981e-08,1.6548e-07,3.2092e-40,4.7815e-11,4.0024e-12,3.2290e-07,5.7897e-08,2.3728e-13,6.3219e-10,4.8292e-14,5.6398e-15,6.3161e-20,0.0000e+00,8.3961e-22,4.0288e-19,8.1795e-21,4.0977e-15,1.6801e-23,1.4321e-24,3.2081e-32,2.5276e-34,1.3600e-50
<ATMOSPHERE-LAYER-46>5.4287e-06,9.3881e+02,8.3752e-01,1.6149e-01,4.8760e-04,2.4031e-04,6.7203e-05,3.0118e-05,1.4173e-07,0.0000e+00,3.7641e-06,9.5217e-12,4.4416e-08,1.6775e-07,3.4824e-40,3.1326e-11,3.0664e-12,3.0496e-07,5.7907e-08,1.6461e-13,6.3374e-10,5.6347e-14,3.6949e-15,3.0395e-20,0.0000e+00,2.6471e-22,4.7007e-19,1.1791e-20,5.5922e-15,2.0756e-23,1.9497e-24,3.3969e-32,2.7852e-34,1.7485e-50
<ATMOSPHERE-LAYER-47>3.5565e-06,9.3881e+02,8.3753e-01,1.6149e-01,4.8761e-04,2.2695e-04,6.7203e-05,3.0192e-05,1.7511e-07,0.0000e+00,3.7716e-06,4.3275e-12,5.1942e-08,1.7005e-07,3.7798e-40,2.0523e-11,2.3493e-12,2.8801e-07,5.7916e-08,1.1419e-13,6.3530e-10,6.5745e-14,2.4207e-15,1.4627e-20,0.0000e+00,8.3459e-23,5.4847e-19,1.6997e-20,7.6318e-15,2.5644e-23,2.6542e-24,3.5969e-32,3.0690e-34,2.2481e-50
<ATMOSPHERE-LAYER-48>2.3300e-06,9.3881e+02,8.3755e-01,1.6149e-01,4.8761e-04,2.1434e-04,6.7203e-05,3.0267e-05,2.1634e-07,0.0000e+00,3.7791e-06,1.9668e-12,6.0742e-08,1.7238e-07,4.1032e-40,1.3446e-11,1.7999e-12,2.7200e-07,5.7926e-08,7.9216e-14,6.3687e-10,7.6711e-14,1.5859e-15,7.0393e-21,0.0000e+00,2.6313e-23,6.3994e-19,2.4502e-20,1.0415e-14,3.1682e-23,3.6135e-24,3.8087e-32,3.3818e-34,2.8903e-50
<ATMOSPHERE-LAYER-49>1.5264e-06,9.3881e+02,8.3756e-01,1.6149e-01,4.8762e-04,2.0242e-04,6.7204e-05,3.0341e-05,2.6729e-07,0.0000e+00,3.7866e-06,8.9386e-13,7.1034e-08,1.7474e-07,4.4546e-40,8.8089e-12,1.3789e-12,2.5688e-07,5.7935e-08,5.4953e-14,6.3844e-10,8.9506e-14,1.0390e-15,3.3876e-21,0.0000e+00,8.2958e-24,7.4668e-19,3.5320e-20,1.4214e-14,3.9143e-23,4.9194e-24,4.0329e-32,3.7265e-34,3.7161e-50
<ATMOSPHERE-LAYER-50>1.0000e-06,9.3881e+02,8.3757e-01,1.6149e-01,4.8763e-04,1.9117e-04,6.7204e-05,3.0416e-05,3.3023e-07,0.0000e+00,3.7941e-06,4.0624e-13,8.3070e-08,1.7714e-07,4.8362e-40,5.7711e-12,1.0565e-12,2.4260e-07,5.7945e-08,3.8122e-14,6.4001e-10,1.0444e-13,6.8071e-16,1.6302e-21,0.0000e+00,2.6155e-24,8.7122e-19,5.0916e-20,1.9399e-14,4.8360e-23,6.6972e-24,4.2704e-32,4.1063e-34,4.7778e-50
<SURFACE-MODEL>Lambert
<SURFACE-PHASEMODEL>ISO
<SURFACE-ALBEDO>0.121
<SURFACE-EMISSIVITY>0.879
<SURFACE-TEMPERATURE>1518.6
<GENERATOR-RANGEUNIT>um&lt;/GE
<GENERATOR-RESOLUTIONUNIT>RP&lt;/GE
<GENERATOR-TELESCOPE>SINGLE&lt
<GENERATOR-BEAM>1.0&lt;/GENERATOR-BEAM&gt;
<GENERATOR-BEAM-UNIT>diffrac&lt;/GENERAT
<GENERATOR-GAS-MODEL>Y
<GENERATOR-CONT-MODEL>Y
<GENERATOR-CONT-STELLAR>N
<GENERATOR-TRANS-APPLY>N
<GENERATOR-TRANS-SHOW>N
<GENERATOR-RADUNITS>ppm&lt;/GENERATOR-R
<GENERATOR-RESOLUTIONKERNEL>Y
results_lyr.txt
# ----------------------------------------------------------------------------------------------
# NASA-GSFC Planetary Spectrum Generator (PSG, Villanueva et al. 2018, 2022)
# Single scattering radiative transfer method, LMAX:0 / gMAX:0.00
# Synthesized on Tue Apr 29 02:13:20 2025
# Radiative transfer took 0.273 seconds
# Radiative transfer method: correlated-k (low)
# Synthesis resolution [cm-1], l/dl, points and fine scaler: 9.903e+01 1.990e+02 1.000e+02 1
# ----------------------------------------------------------------------------------------------
# Molecular abundance profile: Parmentier+2014; Kempton_1.0Xsolar_cond
# Molecules considered: H2,He,CO,H2O,CH4,CO2,O2,O3
# Molecular sources: HIT[45],HIT[0],HIT[5],HIT[1],HIT[6],HIT[2],HIT[7],HIT[3]
# Molecular abundances: 1.0,1.0,1.0,1.0,1.0,1.0,1.0,1.0
# Molecular abundance units: scl,scl,scl,scl,scl,scl,scl,scl
# Collisional partners (H2 type): Air:0%, H2:100%, He:0%, CO2:0%
# UV cross-sections included:  H2 CO H2O CH4 CO2 O2 O3
# Collision-Induced-Absorption:  H2-H2  H2-He  H2O-H2O 
# Molecular Rayleigh included
# Refraction included (rmax-1.0, max total bending [deg]): 2.550487e-05 1.727770e-03
# ----------------------------------------------------------------------------------------------
# Input layer-by-layer atmospheric profile
# Molecular abundances in molec/molec and aerosols in kg/kg
# ----------------------------------------------------------------------------------------------
#  Layer Alt[km] Pressure[bar] Temp[K] Density[m-3] Mass[g/mol]         H2         He         CO        H2O        CH4        CO2         O2         O3
# ----------------------------------------------------------------------------------------------
#    1     0.000   1.000e+00  1518.600   4.770e+24    2.352898   8.374e-01  1.615e-01  4.828e-04  2.262e-04  2.740e-06  5.811e-08  5.652e-19  1.205e-36
#    2   277.772   7.543e-01  1518.600   3.598e+24    2.352898   8.374e-01  1.615e-01  4.828e-04  2.262e-04  2.740e-06  5.811e-08  5.652e-19  1.205e-36
#    3   703.485   4.942e-01  1495.600   2.393e+24    2.352836   8.375e-01  1.615e-01  4.827e-04  2.225e-04  1.563e-06  5.927e-08  4.620e-19  6.078e-37
#    4  1141.953   3.237e-01  1501.700   1.562e+24    2.353047   8.374e-01  1.615e-01  4.845e-04  2.335e-04  5.942e-07  6.179e-08  9.199e-19  1.451e-36
#    5  1598.693   2.121e-01  1510.800   1.017e+24    2.353373   8.374e-01  1.615e-01  4.858e-04  2.515e-04  2.142e-07  6.582e-08  2.044e-18  4.154e-36
#    6  2066.986   1.389e-01  1466.800   6.861e+23    2.353059   8.375e-01  1.615e-01  4.861e-04  2.313e-04  1.742e-07  6.535e-08  7.778e-19  5.549e-37
#    7  2528.793   9.103e-02  1365.200   4.830e+23    2.352479   8.376e-01  1.615e-01  4.873e-04  1.944e-04  3.588e-07  6.670e-08  3.922e-20  2.104e-39
#    8  2970.901   5.964e-02  1254.300   3.444e+23    2.352426   8.376e-01  1.615e-01  4.850e-04  1.954e-04  9.044e-07  8.564e-08  1.209e-21  2.982e-42
#    9  3391.895   3.907e-02  1160.800   2.438e+23    2.352353   8.376e-01  1.615e-01  4.758e-04  2.035e-04  2.127e-06  1.123e-07  4.183e-23  5.096e-45
#   10  3795.901   2.559e-02  1087.300   1.705e+23    2.352145   8.375e-01  1.615e-01  4.601e-04  2.138e-04  4.056e-06  1.430e-07  2.220e-24  1.860e-47
#   11  4188.004   1.677e-02  1032.300   1.177e+23    2.351913   8.375e-01  1.615e-01  4.461e-04  2.194e-04  6.425e-06  1.732e-07  1.788e-25  1.451e-49
#   12  4573.418   1.098e-02   994.210   8.003e+22    2.352231   8.376e-01  1.615e-01  4.660e-04  2.063e-04  8.131e-06  1.959e-07  2.825e-26  0.000e+00
#   13  4957.194   7.197e-03   969.980   5.374e+22    2.352235   8.375e-01  1.615e-01  4.627e-04  2.126e-04  6.994e-06  2.231e-07  9.144e-27  0.000e+00
#   14  5343.714   4.715e-03   955.700   3.573e+22    2.352172   8.375e-01  1.615e-01  4.605e-04  2.143e-04  4.567e-06  2.384e-07  5.484e-27  0.000e+00
#   15  5736.139   3.089e-03   947.740   2.361e+22    2.352190   8.375e-01  1.615e-01  4.646e-04  2.104e-04  2.561e-06  2.446e-07  4.756e-27  0.000e+00
#   16  6136.604   2.024e-03   943.470   1.554e+22    2.352254   8.376e-01  1.615e-01  4.718e-04  2.040e-04  1.310e-06  2.454e-07  5.139e-27  0.000e+00
#   17  6546.661   1.326e-03   941.230   1.020e+22    2.352352   8.376e-01  1.615e-01  4.806e-04  1.967e-04  6.357e-07  2.434e-07  6.280e-27  0.000e+00
#   18  6967.306   8.685e-04   940.060   6.692e+21    2.352411   8.376e-01  1.615e-01  4.869e-04  1.917e-04  2.939e-07  2.415e-07  8.420e-27  0.000e+00
#   19  7399.366   5.690e-04   939.460   4.387e+21    2.352410   8.376e-01  1.615e-01  4.871e-04  1.915e-04  1.286e-07  2.421e-07  1.233e-26  0.000e+00
#   20  7843.531   3.728e-04   939.150   2.875e+21    2.352411   8.376e-01  1.615e-01  4.872e-04  1.914e-04  5.577e-08  2.423e-07  1.841e-26  0.000e+00
#   21  8300.388   2.442e-04   938.990   1.884e+21    2.352411   8.376e-01  1.615e-01  4.874e-04  1.912e-04  2.408e-08  2.424e-07  2.776e-26  0.000e+00
#   22  8770.582   1.600e-04   938.900   1.234e+21    2.352413   8.376e-01  1.615e-01  4.875e-04  1.911e-04  1.037e-08  2.423e-07  4.208e-26  0.000e+00
#   23  9254.776   1.048e-04   938.860   8.086e+20    2.352415   8.376e-01  1.615e-01  4.877e-04  1.910e-04  4.462e-09  2.423e-07  6.395e-26  0.000e+00
#   24  9753.473   6.866e-05   938.840   5.297e+20    2.352575   8.376e-01  1.615e-01  4.877e-04  2.009e-04  1.821e-09  2.550e-07  1.079e-25  0.000e+00
#   25 10267.430   4.498e-05   938.830   3.470e+20    2.352764   8.376e-01  1.615e-01  4.876e-04  2.128e-04  7.382e-10  2.701e-07  1.847e-25  0.000e+00
#   26 10797.287   2.947e-05   938.820   2.274e+20    2.352969   8.375e-01  1.615e-01  4.876e-04  2.254e-04  2.992e-10  2.860e-07  3.160e-25  0.000e+00
#   27 11343.888   1.931e-05   938.820   1.490e+20    2.353181   8.375e-01  1.615e-01  4.876e-04  2.387e-04  1.212e-10  3.029e-07  5.410e-25  0.000e+00
#   28 11907.919   1.265e-05   938.820   9.759e+19    2.353405   8.375e-01  1.615e-01  4.876e-04  2.528e-04  4.913e-11  3.208e-07  9.262e-25  0.000e+00
#   29 12490.449   8.286e-06   938.820   6.393e+19    2.353431   8.375e-01  1.615e-01  4.876e-04  2.544e-04  2.095e-11  3.229e-07  1.432e-24  1.360e-50
#   30 13092.293   5.429e-06   938.810   4.188e+19    2.353206   8.375e-01  1.615e-01  4.876e-04  2.403e-04  9.522e-12  3.050e-07  1.950e-24  1.749e-50
#   31 13714.503   3.557e-06   938.810   2.744e+19    2.352993   8.375e-01  1.615e-01  4.876e-04  2.269e-04  4.327e-12  2.880e-07  2.654e-24  2.248e-50
#   32 14358.100   2.330e-06   938.810   1.798e+19    2.352788   8.376e-01  1.615e-01  4.876e-04  2.143e-04  1.967e-12  2.720e-07  3.614e-24  2.890e-50
#   33 15024.301   1.526e-06   938.810   1.178e+19    2.352597   8.376e-01  1.615e-01  4.876e-04  2.024e-04  8.939e-13  2.569e-07  4.919e-24  3.716e-50
#   34 15714.162   1.000e-06   938.810   7.715e+18    2.352417   8.376e-01  1.615e-01  4.876e-04  1.912e-04  4.062e-13  2.426e-07  6.697e-24  4.778e-50
#
# ----------------------------------------------------------------------------------------------
# Integrated column densities and layer information used by the radiative transfer analysis
# Oblique molecular layer columns in molec/m2 and aerosols in kg/m2
# Layers organized in order of the radiation towards the observer, with last line referring to the location of the observer
# ----------------------------------------------------------------------------------------------
#   Low[km]  High[km]  Path[km] Pressure[bar] Temp[K]   Airmass   dcol[m-2]         H2         He         CO        H2O        CH4        CO2         O2         O3
# ----------------------------------------------------------------------------------------------
#     0.000   277.772   411.372   8.754e-01  1518.600    1.4810   1.718e+30  1.438e+30  2.774e+29  8.292e+26  3.885e+26  4.707e+24  9.981e+22  9.707e+11  2.070e-06
#   277.772   703.485   616.916   6.211e-01  1508.034    1.4491   1.840e+30  1.541e+30  2.972e+29  8.884e+26  4.131e+26  3.897e+24  1.079e+23  9.481e+11  1.619e-06
#   703.485  1141.953   622.628   4.072e-01  1498.391    1.4200   1.226e+30  1.026e+30  1.979e+29  5.926e+26  2.788e+26  1.231e+24  7.404e+22  7.760e+11  1.109e-06
#  1141.953  1598.693   636.740   2.668e-01  1505.861    1.3941   8.172e+29  6.843e+29  1.320e+29  3.964e+26  1.974e+26  3.045e+23  5.197e+22  1.083e+12  1.918e-06
#  1598.693  2066.986   642.758   1.745e-01  1490.525    1.3726   5.452e+29  4.565e+29  8.804e+28  2.649e+26  1.319e+26  1.062e+23  3.576e+22  7.140e+11  8.957e-07
#  2066.986  2528.793   625.245   1.141e-01  1419.559    1.3539   3.641e+29  3.050e+29  5.881e+28  1.772e+26  7.769e+25  8.875e+22  2.402e+22  7.062e+10  1.513e-08
#  2528.793  2970.901   590.520   7.474e-02  1313.492    1.3357   2.434e+29  2.038e+29  3.930e+28  1.183e+26  4.742e+25  1.344e+23  1.824e+22  1.884e+09  2.405e-11
#  2970.901  3391.895   555.019   4.898e-02  1210.772    1.3184   1.626e+29  1.362e+29  2.626e+28  7.817e+25  3.238e+25  2.190e+23  1.580e+22  4.106e+07  2.497e-14
#  3391.895  3795.901   526.297   3.210e-02  1126.671    1.3027   1.086e+29  9.097e+28  1.754e+28  5.088e+25  2.262e+25  3.117e+23  1.365e+22  1.162e+06  0.000e+00
#  3795.901  4188.004   505.245   2.104e-02  1061.835    1.2886   7.252e+28  6.074e+28  1.171e+28  3.290e+25  1.569e+25  3.640e+23  1.133e+22  5.014e+04  0.000e+00
#  4188.004  4573.418   491.634   1.379e-02  1014.718    1.2756   4.841e+28  4.054e+28  7.818e+27  2.203e+25  1.032e+25  3.467e+23  8.875e+21  3.693e+03  0.000e+00
#  4573.418  4957.194   484.983   9.042e-03   983.057    1.2637   3.231e+28  2.706e+28  5.218e+27  1.501e+25  6.759e+24  2.451e+23  6.720e+21  5.431e+02  0.000e+00
#  4957.194  5343.714   484.209   5.926e-03   963.421    1.2527   2.157e+28  1.807e+28  3.484e+27  9.960e+24  4.604e+24  1.241e+23  4.962e+21  1.560e+02  0.000e+00
#  5343.714  5736.139   487.606   3.883e-03   952.049    1.2425   1.441e+28  1.207e+28  2.327e+27  6.661e+24  3.061e+24  5.046e+22  3.475e+21  7.401e+01  0.000e+00
#  5736.139  6136.604   493.757   2.545e-03   945.783    1.2330   9.622e+27  8.059e+27  1.554e+27  4.502e+24  1.996e+24  1.812e+22  2.357e+21  4.741e+01  0.000e+00
#  6136.604  6546.661   501.848   1.667e-03   942.444    1.2238   6.430e+27  5.386e+27  1.038e+27  3.060e+24  1.290e+24  6.048e+21  1.572e+21  3.622e+01  0.000e+00
#  6546.661  6967.306   511.142   1.092e-03   940.694    1.2151   4.299e+27  3.600e+27  6.942e+26  2.078e+24  8.356e+23  1.919e+21  1.043e+21  3.088e+01  0.000e+00
#  6967.306  7399.366   521.395   7.156e-04   939.785    1.2068   2.876e+27  2.408e+27  4.644e+26  1.400e+24  5.509e+23  5.788e+20  6.953e+20  2.883e+01  0.000e+00
#  7399.366  7843.531   532.419   4.688e-04   939.318    1.1987   1.925e+27  1.612e+27  3.108e+26  9.376e+23  3.685e+23  1.688e+20  4.661e+20  2.851e+01  0.000e+00
#  7843.531  8300.388   544.077   3.071e-04   939.077    1.1909   1.289e+27  1.080e+27  2.081e+26  6.280e+23  2.466e+23  4.893e+19  3.123e+20  2.864e+01  0.000e+00
#  8300.388  8770.582   556.422   2.012e-04   938.949    1.1834   8.637e+26  7.234e+26  1.395e+26  4.210e+23  1.651e+23  1.414e+19  2.093e+20  2.900e+01  0.000e+00
#  8770.582  9254.776   569.465   1.318e-04   938.882    1.1761   5.791e+26  4.850e+26  9.352e+25  2.824e+23  1.106e+23  4.082e+18  1.403e+20  2.951e+01  0.000e+00
#  9254.776  9753.473   583.014   8.636e-05   938.851    1.1691   3.884e+26  3.253e+26  6.273e+25  1.894e+23  7.592e+22  1.150e+18  9.634e+19  3.157e+01  0.000e+00
#  9753.473 10267.430   597.354   5.658e-05   938.835    1.1623   2.607e+26  2.184e+26  4.211e+25  1.271e+23  5.379e+22  3.140e+17  6.825e+19  3.598e+01  0.000e+00
# 10267.430 10797.287   612.342   3.707e-05   938.825    1.1557   1.751e+26  1.467e+26  2.828e+25  8.539e+22  3.826e+22  8.548e+16  4.855e+19  4.135e+01  0.000e+00
# 10797.287 11343.888   628.203   2.428e-05   938.820    1.1493   1.177e+26  9.857e+25  1.901e+25  5.739e+22  2.723e+22  2.328e+16  3.456e+19  4.757e+01  0.000e+00
# 11343.888 11907.919   644.753   1.591e-05   938.820    1.1431   7.913e+25  6.627e+25  1.278e+25  3.859e+22  1.939e+22  6.344e+15  2.461e+19  5.476e+01  0.000e+00
# 11907.919 12490.449   662.411   1.042e-05   938.820    1.1371   5.326e+25  4.461e+25  8.601e+24  2.597e+22  1.350e+22  1.771e+15  1.714e+19  6.023e+01  0.000e+00
# 12490.449 13092.293   680.885   6.828e-06   938.815    1.1313   3.587e+25  3.004e+25  5.792e+24  1.749e+22  8.890e+21  5.237e+14  1.128e+19  5.916e+01  0.000e+00
# 13092.293 13714.503   700.430   4.473e-06   938.810    1.1257   2.417e+25  2.024e+25  3.903e+24  1.179e+22  5.658e+21  1.604e+14  7.181e+18  5.428e+01  0.000e+00
# 13714.503 14358.100   721.002   2.930e-06   938.810    1.1203   1.630e+25  1.365e+25  2.632e+24  7.948e+21  3.604e+21  4.916e+13  4.573e+18  4.983e+01  0.000e+00
# 14358.100 15024.301   742.807   1.920e-06   938.810    1.1150   1.100e+25  9.215e+24  1.777e+24  5.365e+21  2.297e+21  1.508e+13  2.915e+18  4.579e+01  0.000e+00
# 15024.301 15714.162   765.661   1.258e-06   938.810    1.1099   7.429e+24  6.223e+24  1.200e+24  3.623e+21  1.465e+21  4.628e+12  1.859e+18  4.209e+01  0.000e+00
# ----------------------------------------------------------------------------------------------
# Integrated atmospheric columns                         1.4183   7.243e+30  6.066e+30  1.170e+30  3.497e+27  1.636e+27  1.216e+25  4.837e+23  4.564e+12  7.628e-06
# ----------------------------------------------------------------------------------------------
results_rad.txt
# ------------------------------------------------------------------------
# Radiance spectrum
# NASA-GSFC Planetary Spectrum Generator (PSG) (Villanueva et al. 2018, 2022)
# Synthesized on Tue Apr 29 02:13:20 2025
# Doppler velocities [km/s] (vobs,vrot+vorb,vwidth,vrfl,vstr): 0.00000,59.46000,0.34000,-0.00000,-0.00000
# ------------------------------------------------------------------------
# Spectra synthesized with the Planetary and Universal Model of Atmospheric Scattering (PUMAS, Villanueva et al. 2018, 2022)
# Single scattering radiative transfer method
# Radiative transfer took 0.273 seconds
# ------------------------------------------------------------------------
# Spectral unit: Wavelength [um]
# Radiance unit: 
# Wave/freq Total Stellar Kepler-1065-b
1.000000000e+00  5.7598990e-04  5.97142e-04  1.03319e-09
1.010000000e+00  5.6926855e-04  5.83970e-04  1.05626e-09
1.020000000e+00  5.6149792e-04  5.71095e-04  1.07747e-09
1.030000000e+00  5.5279856e-04  5.58513e-04  1.09467e-09
1.040000000e+00  5.4333566e-04  5.46217e-04  1.10594e-09
1.050000000e+00  5.3329747e-04  5.34205e-04  1.10995e-09
1.060000000e+00  5.2287333e-04  5.22471e-04  1.10624e-09
1.070000000e+00  5.1223553e-04  5.11009e-04  1.09538e-09
1.080000000e+00  5.0152785e-04  4.99816e-04  1.07901e-09
1.090000000e+00  4.9086093e-04  4.88885e-04  1.05968e-09
1.100000000e+00  4.8031349e-04  4.78212e-04  1.04054e-09
1.110000000e+00  4.6993712e-04  4.67792e-04  1.02492e-09
1.120000000e+00  4.5976267e-04  4.57618e-04  1.01593e-09
1.130000000e+00  4.4980637e-04  4.47687e-04  1.01607e-09
1.140000000e+00  4.4007509e-04  4.37992e-04  1.02695e-09
1.150000000e+00  4.3056998e-04  4.28529e-04  1.04917e-09
1.160000000e+00  4.2128910e-04  4.19292e-04  1.08229e-09
1.170000000e+00  4.1222885e-04  4.10276e-04  1.12496e-09
1.180000000e+00  4.0338486e-04  4.01477e-04  1.17505e-09
1.190000000e+00  3.9475245e-04  3.92889e-04  1.22989e-09
1.200000000e+00  3.8632682e-04  3.84507e-04  1.28654e-09
1.210000000e+00  3.7810318e-04  3.76326e-04  1.34198e-09
1.220000000e+00  3.7007677e-04  3.68342e-04  1.39331e-09
1.230000000e+00  3.6224289e-04  3.60550e-04  1.43793e-09
1.240000000e+00  3.5459693e-04  3.52945e-04  1.47361e-09
1.250000000e+00  3.4713434e-04  3.45523e-04  1.49844e-09
1.260000000e+00  3.3985064e-04  3.38279e-04  1.51090e-09
1.270000000e+00  3.3274147e-04  3.31209e-04  1.50981e-09
1.280000000e+00  3.2580251e-04  3.24308e-04  1.49442e-09
1.290000000e+00  3.1902956e-04  3.17572e-04  1.46459e-09
1.300000000e+00  3.1241848e-04  3.10997e-04  1.42095e-09
1.310000000e+00  3.0596523e-04  3.04580e-04  1.36519e-09
1.320000000e+00  2.9966586e-04  2.98316e-04  1.30002e-09
1.330000000e+00  2.9351651e-04  2.92200e-04  1.22914e-09
1.340000000e+00  2.8751338e-04  2.86231e-04  1.15689e-09
1.350000000e+00  2.8165280e-04  2.80403e-04  1.08772e-09
1.360000000e+00  2.7593114e-04  2.74713e-04  1.02568e-09
1.370000000e+00  2.7034488e-04  2.69158e-04  9.74005e-10
1.380000000e+00  2.6489057e-04  2.63734e-04  9.34922e-10
1.390000000e+00  2.5956487e-04  2.58438e-04  9.09646e-10
1.400000000e+00  2.5436448e-04  2.53266e-04  8.98592e-10
1.410000000e+00  2.4928620e-04  2.48216e-04  9.01640e-10
1.420000000e+00  2.4432692e-04  2.43284e-04  9.18362e-10
1.430000000e+00  2.3948358e-04  2.38467e-04  9.48163e-10
1.440000000e+00  2.3475323e-04  2.33763e-04  9.90320e-10
1.450000000e+00  2.3013296e-04  2.29168e-04  1.04397e-09
1.460000000e+00  2.2561996e-04  2.24679e-04  1.10805e-09
1.470000000e+00  2.2121148e-04  2.20295e-04  1.18133e-09
1.480000000e+00  2.1690485e-04  2.16012e-04  1.26233e-09
1.490000000e+00  2.1269745e-04  2.11827e-04  1.34941e-09
1.500000000e+00  2.0858676e-04  2.07738e-04  1.44074e-09
1.510000000e+00  2.0457029e-04  2.03743e-04  1.53437e-09
1.520000000e+00  2.0064564e-04  1.99840e-04  1.62825e-09
1.530000000e+00  1.9681046e-04  1.96025e-04  1.72033e-09
1.540000000e+00  1.9306248e-04  1.92297e-04  1.80864e-09
1.550000000e+00  1.8939946e-04  1.88653e-04  1.89139e-09
1.560000000e+00  1.8581926e-04  1.85092e-04  1.96712e-09
1.570000000e+00  1.8231976e-04  1.81611e-04  2.03472e-09
1.580000000e+00  1.7889891e-04  1.78208e-04  2.09352e-09
1.590000000e+00  1.7555473e-04  1.74881e-04  2.14326e-09
1.600000000e+00  1.7228528e-04  1.71628e-04  2.18405e-09
1.610000000e+00  1.6908867e-04  1.68448e-04  2.21624e-09
1.620000000e+00  1.6596306e-04  1.65339e-04  2.24036e-09
1.630000000e+00  1.6290667e-04  1.62298e-04  2.25697e-09
1.640000000e+00  1.5991776e-04  1.59324e-04  2.26656e-09
1.650000000e+00  1.5699464e-04  1.56416e-04  2.26945e-09
1.660000000e+00  1.5413566e-04  1.53571e-04  2.26575e-09
1.670000000e+00  1.5133922e-04  1.50789e-04  2.25532e-09
1.680000000e+00  1.4860377e-04  1.48067e-04  2.23789e-09
1.690000000e+00  1.4592779e-04  1.45404e-04  2.21305e-09
1.700000000e+00  1.4330979e-04  1.42799e-04  2.18047e-09
1.710000000e+00  1.4074835e-04  1.40250e-04  2.13999e-09
1.720000000e+00  1.3824207e-04  1.37756e-04  2.09173e-09
1.730000000e+00  1.3578959e-04  1.35316e-04  2.03623e-09
1.740000000e+00  1.3338958e-04  1.32927e-04  1.97444e-09
1.750000000e+00  1.3104077e-04  1.30590e-04  1.90769e-09
1.760000000e+00  1.2874189e-04  1.28302e-04  1.83767e-09
1.770000000e+00  1.2649174e-04  1.26063e-04  1.76629e-09
1.780000000e+00  1.2428912e-04  1.23870e-04  1.69562e-09
1.790000000e+00  1.2213289e-04  1.21724e-04  1.62770e-09
1.800000000e+00  1.2002192e-04  1.19623e-04  1.56450e-09
1.810000000e+00  1.1795513e-04  1.17566e-04  1.50779e-09
1.820000000e+00  1.1593146e-04  1.15552e-04  1.45902e-09
1.830000000e+00  1.1394991e-04  1.13579e-04  1.41928e-09
1.840000000e+00  1.1200953e-04  1.11648e-04  1.38912e-09
1.850000000e+00  1.1010948e-04  1.09756e-04  1.36850e-09
1.860000000e+00  1.0824913e-04  1.07903e-04  1.35668e-09
1.870000000e+00  1.0642815e-04  1.06088e-04  1.35224e-09
1.880000000e+00  1.0464684e-04  1.04310e-04  1.35322e-09
1.890000000e+00  1.0290641e-04  1.02568e-04  1.35741e-09
1.900000000e+00  1.0120954e-04  1.00862e-04  1.36267e-09
1.910000000e+00  9.9560915e-05  9.91897e-05  1.36736e-09
1.920000000e+00  9.7967807e-05  9.75515e-05  1.37053e-09
1.930000000e+00  9.6440465e-05  9.59462e-05  1.37207e-09
1.940000000e+00  9.4992104e-05  9.43730e-05  1.37247e-09
1.950000000e+00  9.3638293e-05  9.28313e-05  1.37264e-09
1.960000000e+00  9.2395652e-05  9.13201e-05  1.37347e-09
1.970000000e+00  9.1279927e-05  8.98390e-05  1.37561e-09
1.980000000e+00  9.0303732e-05  8.83871e-05  1.37926e-09
1.990000000e+00  8.9474436e-05  8.69638e-05  1.38424e-09
results_trn.txt
# Wave/freq Total
1.000000000e+00  6.8717847e-01
1.010000000e+00  7.0448872e-01
1.020000000e+00  7.1685514e-01
1.030000000e+00  7.2152578e-01
1.040000000e+00  7.1615611e-01
1.050000000e+00  6.9924182e-01
1.060000000e+00  6.7046240e-01
1.070000000e+00  6.3086209e-01
1.080000000e+00  5.8282274e-01
1.090000000e+00  5.2982324e-01
1.100000000e+00  4.7602393e-01
1.110000000e+00  4.2575216e-01
1.120000000e+00  3.8298310e-01
1.130000000e+00  3.5090396e-01
1.140000000e+00  3.3161970e-01
1.150000000e+00  3.2601665e-01
1.160000000e+00  3.3376671e-01
1.170000000e+00  3.5343735e-01
1.180000000e+00  3.8267328e-01
1.190000000e+00  4.1842749e-01
1.200000000e+00  4.5722802e-01
1.210000000e+00  4.9546669e-01
1.220000000e+00  5.2968797e-01
1.230000000e+00  5.5684877e-01
1.240000000e+00  5.7451890e-01
1.250000000e+00  5.8100568e-01
1.260000000e+00  5.7540323e-01
1.270000000e+00  5.5758489e-01
1.280000000e+00  5.2816405e-01
1.290000000e+00  4.8844142e-01
1.300000000e+00  4.4033937e-01
1.310000000e+00  3.8630477e-01
1.320000000e+00  3.2915530e-01
1.330000000e+00  2.7185447e-01
1.340000000e+00  2.1722870e-01
1.350000000e+00  1.6767166e-01
1.360000000e+00  1.2490120e-01
1.370000000e+00  8.9828842e-02
1.380000000e+00  6.2572920e-02
1.390000000e+00  4.2605431e-02
1.400000000e+00  2.8986505e-02
1.410000000e+00  2.0623297e-02
1.420000000e+00  1.6495576e-02
1.430000000e+00  1.5810976e-02
1.440000000e+00  1.8078083e-02
1.450000000e+00  2.3105117e-02
1.460000000e+00  3.0941707e-02
1.470000000e+00  4.1783519e-02
1.480000000e+00  5.5857073e-02
1.490000000e+00  7.3300542e-02
1.500000000e+00  9.4055966e-02
1.510000000e+00  1.1778785e-01
1.520000000e+00  1.4384234e-01
1.530000000e+00  1.7125642e-01
1.540000000e+00  1.9881871e-01
1.550000000e+00  2.2517389e-01
1.560000000e+00  2.4895510e-01
1.570000000e+00  2.6892141e-01
1.580000000e+00  2.8407824e-01
1.590000000e+00  2.9376307e-01
1.600000000e+00  2.9768592e-01
1.610000000e+00  2.9592339e-01
1.620000000e+00  2.8887223e-01
1.630000000e+00  2.7717428e-01
1.640000000e+00  2.6162706e-01
1.650000000e+00  2.4309491e-01
1.660000000e+00  2.2243356e-01
1.670000000e+00  2.0043751e-01
1.680000000e+00  1.7781384e-01
1.690000000e+00  1.5517930e-01
1.700000000e+00  1.3307222e-01
1.710000000e+00  1.1196696e-01
1.720000000e+00  9.2280865e-02
1.730000000e+00  7.4367964e-02
1.740000000e+00  5.8501195e-02
1.750000000e+00  4.4850595e-02
1.760000000e+00  3.3467524e-02
1.770000000e+00  2.4282457e-02
1.780000000e+00  1.7119453e-02
1.790000000e+00  1.1724621e-02
1.800000000e+00  7.8017000e-03
1.810000000e+00  5.0471922e-03
1.820000000e+00  3.1787608e-03
1.830000000e+00  1.9534733e-03
1.840000000e+00  1.1759195e-03
1.850000000e+00  6.9792653e-04
1.860000000e+00  4.1294763e-04
1.870000000e+00  2.4793478e-04
1.880000000e+00  1.5488051e-04
1.890000000e+00  1.0343621e-04
1.900000000e+00  7.5085719e-05
1.910000000e+00  5.8884535e-05
1.920000000e+00  4.8657512e-05
1.930000000e+00  4.1141834e-05
1.940000000e+00  3.4768375e-05
1.950000000e+00  2.8956364e-05
1.960000000e+00  2.3627959e-05
1.970000000e+00  1.8896604e-05
1.980000000e+00  1.4893715e-05
1.990000000e+00  1.1680005e-05
