<OBJECT>Exoplanet
<OBJECT-NAME>GJ 1214b
<OBJECT-DATE>2025/04/28 18:41
<OBJECT-ORBIT>0.00620000,0.00000,1.58040453,77.00000,0.01496,2459639.837634
<OBJECT-SEASON>2.3
<OBJECT-PERIOD>1.58040453
<OBJECT-SOLAR-LONGITUDE>0.0
<OBJECT-SOLAR-LATITUDE>0.00
<OBJECT-OBS-LONGITUDE>357.68
<OBJECT-OBS-LATITUDE>1.02
<OBJECT-POSITION-ANGLE>0.00
<OBJECT-DIAMETER>34862.7
<OBJECT-GRAVITY>2.264
<OBJECT-GRAVITY-UNIT>rho
<OBJECT-STAR-RADIUS>0.22
<OBJECT-STAR-METALLICITY>0.24
<OBJECT-STAR-TYPE>M
<OBJECT-STAR-TEMPERATURE>3101.0
<OBJECT-OBS-VELOCITY>20.910
<OBJECT-STAR-DISTANCE>0.01505
<OBJECT-STAR-VELOCITY>0.01438
<OBJECT-INCLINATION>88.98
<GEOMETRY-ALTITUDE-UNIT>pc
<GEOMETRY-OBS-ALTITUDE>14.6427
<GEOMETRY-STAR-DISTANCE>0.000000e+00
<OBJECT-SHAPE>Sphere
<GEOMETRY-SOLAR-ANGLE>48.170
<GEOMETRY-OBS-ANGLE>48.121
<GEOMETRY-PLANET-FRACTION>1.000e+00
<GEOMETRY-BRDFSCALER>1.000
<GEOMETRY-TEMISSION>300.000
<GEOMETRY-AZIMUTH>0.000
<GEOMETRY-STAR-FRACTION>0.000000e+00
<GEOMETRY-ROTATION>4.19,0.57
<GEOMETRY>Observatory
<ATMOSPHERE-DESCRIPTION>Parmentier+2014; Kempton_1.0Xsolar_cond
<ATMOSPHERE-STRUCTURE>Equilibrium
<ATMOSPHERE-WEIGHT>2.36
<ATMOSPHERE-PRESSURE>1.0000
<ATMOSPHERE-PUNIT>bar
<ATMOSPHERE-NGAS>7
<ATMOSPHERE-GAS>H2,He,H2O,CH4,CO,CO2,O2
<ATMOSPHERE-TYPE>HIT[45],HIT[0],HIT[1],HIT[6],HIT[5],HIT[2],HIT[7]
<ATMOSPHERE-ABUN>1.0,1.0,1.0,1.0,1.0,1.0,1.0
<ATMOSPHERE-UNIT>scl,scl,scl,scl,scl,scl,scl
<ATMOSPHERE-LAYERS-MOLECULES>H2,He,H2O,CH4,N2,H2S,NH3,CO,HF,HCl,K,CO2,PH3,H,HCN,C2H4,COS,H2CO,Na,C2H2,OH,SO2,NO,O,N,O2,C,NO2
<ATMOSPHERE-LAYERS>50
<ATMOSPHERE-LAYER-1>1.0000e+03,1.9538e+03,8.3672e-01,1.6165e-01,7.3609e-04,4.7864e-04,2.4797e-05,2.9036e-05,8.4404e-05,8.5211e-06,5.4578e-08,3.2038e-07,2.1473e-07,1.9728e-09,4.2374e-07,3.4082e-05,8.5969e-08,8.5611e-09,1.2172e-11,5.3226e-09,3.2123e-06,1.2875e-09,2.7903e-09,1.1852e-15,4.8977e-13,8.2059e-14,7.0773e-14,3.1403e-17,1.6600e-17,3.3097e-22
<ATMOSPHERE-LAYER-2>6.5513e+02,1.7491e+03,8.3688e-01,1.6166e-01,6.5745e-04,4.6412e-04,2.0503e-05,3.0450e-05,7.4656e-05,3.3617e-06,5.7794e-08,2.4812e-07,2.0698e-07,8.5785e-10,4.6489e-07,8.2338e-06,2.3041e-08,2.5159e-09,4.9051e-12,1.4910e-09,3.2925e-06,1.5191e-10,3.8541e-10,2.8558e-16,4.1801e-14,2.9054e-15,2.4964e-15,1.0222e-18,1.0906e-19,6.2500e-24
<ATMOSPHERE-LAYER-3>4.2919e+02,1.5617e+03,8.3688e-01,1.6166e-01,6.6850e-04,4.7889e-04,1.6763e-05,3.0496e-05,6.9842e-05,1.2606e-06,5.7495e-08,1.2610e-07,1.8705e-07,4.1995e-10,5.0952e-07,1.5767e-06,5.1573e-09,6.6435e-10,1.7988e-12,4.0345e-10,3.3200e-06,1.3234e-11,4.4848e-11,6.7280e-17,2.8298e-15,6.9268e-17,5.3126e-17,2.5628e-20,3.2429e-22,8.7356e-26
<ATMOSPHERE-LAYER-4>2.8118e+02,1.4021e+03,8.3687e-01,1.6166e-01,6.7703e-04,4.8654e-04,1.5021e-05,3.0067e-05,7.0282e-05,4.1889e-07,5.6768e-08,4.0570e-08,1.6742e-07,1.8516e-10,5.4285e-07,2.7517e-07,1.0788e-09,1.5464e-10,5.7757e-13,9.7538e-11,3.3383e-06,9.3685e-13,4.5963e-12,1.4100e-17,1.7283e-16,1.3296e-18,9.6566e-19,5.1638e-22,6.6672e-25,1.0132e-27
<ATMOSPHERE-LAYER-5>1.8421e+02,1.2849e+03,8.3687e-01,1.6166e-01,6.7946e-04,4.8797e-04,1.6223e-05,3.0005e-05,7.4355e-05,1.6364e-07,5.5428e-08,1.1970e-08,1.5253e-07,9.3220e-11,5.5860e-07,5.7897e-08,2.9332e-10,4.1979e-11,2.2186e-13,2.7496e-11,3.1922e-06,8.9873e-14,5.9072e-13,3.5604e-18,1.5192e-17,3.8314e-20,2.8533e-20,1.5433e-23,2.6118e-27,1.9663e-29
<ATMOSPHERE-LAYER-6>1.2068e+02,1.2009e+03,8.3687e-01,1.6166e-01,6.8084e-04,4.8832e-04,2.1515e-05,2.9946e-05,8.0631e-05,8.7701e-08,5.3961e-08,4.3362e-09,1.4321e-07,6.1618e-11,5.6671e-07,1.6737e-08,1.2087e-10,1.5465e-11,1.1741e-13,1.0456e-11,3.0582e-06,1.5187e-14,1.1367e-13,1.2404e-18,2.3885e-18,2.2451e-21,1.8337e-21,9.3119e-25,3.1914e-29,8.9433e-31
<ATMOSPHERE-LAYER-7>7.9060e+01,1.1437e+03,8.3687e-01,1.6166e-01,6.8076e-04,4.8775e-04,2.3868e-05,2.9291e-05,7.4460e-05,6.2683e-08,5.4118e-08,3.2937e-09,1.0596e-07,5.2118e-11,5.6572e-07,6.4596e-09,6.0597e-11,7.5264e-12,8.1479e-14,5.2192e-12,1.5365e-06,4.3008e-15,3.1562e-14,5.6674e-19,5.3068e-19,2.5079e-22,1.9911e-22,1.0634e-25,1.0994e-30,7.3446e-32
<ATMOSPHERE-LAYER-8>5.1795e+01,1.1075e+03,8.3687e-01,1.6166e-01,6.8075e-04,4.8774e-04,2.5093e-05,2.9057e-05,6.0189e-05,6.8996e-08,5.4031e-08,2.5644e-09,9.4877e-08,6.3850e-11,5.5754e-07,3.8111e-09,4.5272e-11,5.5660e-12,8.8556e-14,3.9198e-12,1.2036e-06,2.6308e-15,1.5108e-14,4.0453e-19,2.1873e-19,7.2719e-23,5.2073e-23,3.1269e-26,1.7629e-31,1.6088e-32
<ATMOSPHERE-LAYER-9>3.3932e+01,1.0860e+03,8.3688e-01,1.6166e-01,6.8073e-04,4.8778e-04,2.8375e-05,2.9253e-05,4.7449e-05,9.7487e-08,5.4232e-08,2.9845e-09,6.3685e-08,9.6946e-11,4.9656e-07,2.8760e-09,4.4861e-11,5.2397e-12,1.2561e-13,3.7277e-12,1.3373e-10,2.5113e-15,9.9124e-15,3.7659e-19,1.3584e-19,3.6642e-23,2.3868e-23,1.5906e-26,6.8801e-32,6.5539e-33
<ATMOSPHERE-LAYER-10>2.2230e+01,1.0741e+03,8.3689e-01,1.6166e-01,6.8051e-04,4.8763e-04,3.4538e-05,2.9377e-05,3.6905e-05,1.6873e-07,5.4302e-08,2.9360e-09,5.9364e-08,1.7508e-10,4.2369e-07,2.6527e-09,5.6359e-11,6.0008e-12,2.1799e-13,4.2951e-12,2.0069e-11,3.4444e-15,8.4113e-15,4.2865e-19,1.1869e-19,2.8978e-23,1.7422e-23,1.2646e-26,5.5525e-32,4.4585e-33
<ATMOSPHERE-LAYER-11>1.4563e+01,1.0676e+03,8.3690e-01,1.6166e-01,6.8029e-04,4.8749e-04,4.4018e-05,2.9425e-05,2.8394e-05,3.3490e-07,5.4170e-08,2.3707e-09,7.4965e-08,3.5549e-10,3.6531e-07,2.8002e-09,8.2931e-11,7.8447e-12,4.3301e-13,5.6332e-12,2.1490e-09,6.0316e-15,8.4879e-15,5.5816e-19,1.3028e-19,3.1041e-23,1.7361e-23,1.3583e-26,7.3094e-32,4.2763e-33
<ATMOSPHERE-LAYER-12>9.5410e+00,1.0642e+03,8.3691e-01,1.6165e-01,6.7851e-04,4.8572e-04,5.5769e-05,2.9456e-05,2.1382e-05,7.1241e-07,5.3996e-08,1.8405e-09,1.0454e-07,7.6352e-10,3.1465e-07,3.1824e-09,1.3057e-10,1.0953e-11,9.2164e-13,7.8865e-12,1.6444e-06,1.1993e-14,9.3955e-15,7.7936e-19,1.5915e-19,3.9165e-23,2.0197e-23,1.7121e-26,1.2535e-31,4.8511e-33
<ATMOSPHERE-LAYER-13>6.2506e+00,1.0612e+03,8.3693e-01,1.6165e-01,6.6513e-04,4.7203e-04,5.7377e-05,2.9526e-05,1.4479e-05,1.4650e-06,5.4177e-08,1.9665e-09,1.0996e-07,1.5562e-09,2.4106e-07,3.6471e-09,1.8221e-10,1.4666e-11,1.8990e-12,1.0669e-11,1.8091e-06,2.3030e-14,1.0332e-14,1.0615e-18,1.7439e-19,4.9489e-23,2.1555e-23,2.1238e-26,2.1609e-31,4.8862e-33
<ATMOSPHERE-LAYER-14>4.0949e+00,1.0510e+03,8.3694e-01,1.6165e-01,6.5582e-04,4.6264e-04,5.8769e-05,2.9541e-05,1.0219e-05,2.5620e-06,5.4226e-08,1.9066e-09,1.1122e-07,2.7830e-09,1.6352e-07,3.5125e-09,2.1498e-10,1.6843e-11,3.3181e-12,1.2391e-11,1.8513e-06,3.2832e-14,9.1410e-15,1.2237e-18,1.4723e-19,4.2544e-23,1.5829e-23,1.8089e-26,1.9999e-31,3.2873e-33
<ATMOSPHERE-LAYER-15>2.6827e+00,1.0261e+03,8.3694e-01,1.6165e-01,6.5848e-04,4.6554e-04,5.9916e-05,2.9514e-05,7.8734e-06,3.2551e-06,5.3794e-08,1.4084e-09,1.0819e-07,3.8810e-09,8.3917e-08,2.3632e-09,1.8140e-10,1.4343e-11,4.1982e-12,1.0662e-11,1.7886e-06,2.5770e-14,5.1957e-15,1.0145e-18,7.3203e-20,1.6624e-23,5.3889e-24,7.1812e-27,5.1753e-32,9.7587e-34
<ATMOSPHERE-LAYER-16>1.7575e+00,9.8698e+02,8.3692e-01,1.6166e-01,6.7224e-04,4.7984e-04,6.0923e-05,2.9508e-05,6.7274e-06,2.8194e-06,5.3301e-08,1.0114e-09,7.4908e-08,3.9909e-09,2.9115e-08,1.0468e-09,1.0300e-10,8.5053e-12,3.6167e-12,6.3972e-12,2.9131e-08,9.9536e-15,1.7549e-15,5.6953e-19,1.9570e-20,2.5796e-24,7.4947e-25,1.1606e-27,3.0082e-33,1.1080e-34
<ATMOSPHERE-LAYER-17>1.1514e+00,9.3910e+02,8.3692e-01,1.6165e-01,6.7558e-04,4.8328e-04,6.2703e-05,2.8944e-05,6.3973e-06,1.5634e-06,5.4474e-08,9.8551e-10,3.2790e-08,2.7473e-09,6.9173e-09,3.1027e-10,3.8417e-11,3.2468e-12,1.9542e-12,2.5097e-12,4.2906e-09,1.7715e-15,3.4787e-16,2.0243e-19,2.8098e-21,1.5942e-25,4.4334e-26,7.4148e-29,3.9586e-35,4.7179e-36
<ATMOSPHERE-LAYER-18>7.5431e-01,8.8785e+02,8.3693e-01,1.6165e-01,6.7412e-04,4.8186e-04,6.3318e-05,2.8475e-05,6.3196e-06,7.0304e-07,5.5725e-08,1.4278e-09,7.9611e-09,1.5674e-09,1.4078e-09,7.6020e-11,1.1608e-11,1.0080e-12,8.5836e-13,8.0623e-13,5.0072e-14,2.1883e-16,5.3580e-17,5.8712e-20,2.9688e-22,6.3706e-27,1.7269e-27,3.0536e-30,2.5779e-37,1.2475e-37
<ATMOSPHERE-LAYER-19>4.9417e-01,8.3644e+02,8.3693e-01,1.6165e-01,6.7394e-04,4.8170e-04,6.1967e-05,2.9430e-05,6.6142e-06,2.3606e-07,5.6922e-08,1.7002e-08,1.2873e-10,7.0012e-10,2.2134e-10,1.3869e-11,2.5748e-12,2.3570e-13,2.9561e-13,1.9608e-13,2.7294e-41,1.5922e-17,5.6503e-18,1.3360e-20,1.9724e-23,1.3112e-28,3.5115e-29,6.5322e-32,5.7280e-40,1.6158e-39
<ATMOSPHERE-LAYER-20>3.2375e-01,7.8021e+02,8.3692e-01,1.6165e-01,6.7998e-04,4.8782e-04,5.9794e-05,3.0063e-05,7.5676e-06,5.4904e-08,5.8025e-08,1.0660e-07,1.5796e-12,2.3188e-10,2.4823e-11,1.7174e-12,3.8961e-13,3.8724e-14,6.9618e-14,3.3638e-14,0.0000e+00,5.8967e-19,3.6495e-19,2.0738e-21,7.2744e-25,1.1373e-30,3.0847e-31,5.9943e-34,3.1384e-43,8.4236e-42
<ATMOSPHERE-LAYER-21>2.1210e-01,7.1431e+02,8.3691e-01,1.6165e-01,6.8047e-04,4.8826e-04,5.6826e-05,3.0063e-05,1.0601e-05,5.3496e-09,5.8030e-08,1.0660e-07,1.7024e-14,3.6296e-11,1.3863e-12,9.1228e-14,2.4758e-14,2.7169e-15,6.7074e-15,2.5149e-15,0.0000e+00,4.6113e-21,7.8520e-21,1.3255e-22,7.2663e-27,1.4519e-33,4.3649e-34,8.1820e-37,7.7553e-48,5.7291e-45
<ATMOSPHERE-LAYER-22>1.3895e-01,6.3039e+02,8.3691e-01,1.6166e-01,6.8063e-04,4.8842e-04,4.6590e-05,3.0063e-05,2.2308e-05,7.3833e-11,5.8032e-08,1.0660e-07,9.9147e-47,1.0835e-12,1.4520e-14,6.8464e-16,2.0598e-16,2.8247e-17,9.0976e-17,2.8945e-17,0.0000e+00,1.0502e-24,1.3527e-23,1.1970e-24,3.4060e-30,2.2449e-38,8.5201e-39,1.4147e-41,0.0000e+00,3.4454e-50
<ATMOSPHERE-LAYER-23>9.1030e-02,5.4519e+02,8.3688e-01,1.6166e-01,6.8062e-04,4.8844e-04,2.3709e-05,3.0065e-05,5.5319e-05,1.9524e-13,5.8034e-08,1.0660e-07,0.0000e+00,8.0170e-15,3.0428e-40,9.5165e-19,2.5137e-19,5.7451e-20,2.3499e-19,6.7195e-20,0.0000e+00,1.1559e-29,2.6371e-27,2.0491e-27,9.5813e-35,7.7128e-45,3.4366e-45,5.6793e-48,0.0000e+00,0.0000e+00
<ATMOSPHERE-LAYER-24>5.9636e-02,4.7610e+02,8.3686e-01,1.6167e-01,6.8049e-04,4.8845e-04,4.5047e-06,3.0066e-05,9.0154e-05,3.7244e-16,5.8036e-08,1.0660e-07,0.0000e+00,4.5378e-17,0.0000e+00,9.0196e-22,1.2944e-22,8.2366e-23,4.3641e-22,1.1033e-22,0.0000e+00,6.5701e-35,3.1189e-31,2.4878e-30,9.1459e-40,0.0000e+00,0.0000e+00,0.0000e+00,0.0000e+00,0.0000e+00
<ATMOSPHERE-LAYER-25>3.9069e-02,4.2896e+02,8.3685e-01,1.6167e-01,6.8034e-04,4.8846e-04,7.1535e-07,3.0066e-05,1.0547e-04,1.8592e-18,5.8037e-08,1.0661e-07,0.0000e+00,5.8399e-19,0.0000e+00,2.1587e-24,1.5535e-25,2.9601e-25,2.1240e-24,4.4487e-25,0.0000e+00,2.0316e-39,1.2137e-34,7.8272e-33,3.2696e-44,0.0000e+00,0.0000e+00,0.0000e+00,0.0000e+00,0.0000e+00
<ATMOSPHERE-LAYER-26>2.5595e-02,4.0080e+02,8.3684e-01,1.6167e-01,6.8019e-04,4.8847e-04,4.2428e-07,3.0066e-05,1.3032e-04,1.1032e-19,5.8038e-08,1.0661e-07,0.0000e+00,6.0999e-20,0.0000e+00,6.3962e-26,4.4281e-27,1.2175e-26,1.2414e-25,1.9598e-26,0.0000e+00,5.7891e-42,1.2152e-36,2.9730e-34,1.0496e-46,0.0000e+00,0.0000e+00,0.0000e+00,0.0000e+00,0.0000e+00
<ATMOSPHERE-LAYER-27>1.6768e-02,3.8551e+02,8.3684e-01,1.6167e-01,6.8002e-04,4.8847e-04,2.1772e-07,3.0066e-05,1.3106e-04,1.0856e-20,5.8038e-08,9.5772e-08,0.0000e+00,9.8527e-21,0.0000e+00,2.9554e-27,1.8617e-28,7.9347e-28,1.2003e-26,1.3506e-27,0.0000e+00,3.8571e-44,2.1494e-38,1.8351e-35,1.4349e-48,0.0000e+00,0.0000e+00,0.0000e+00,0.0000e+00,0.0000e+00
<ATMOSPHERE-LAYER-28>1.0985e-02,3.7769e+02,8.3684e-01,1.6167e-01,6.7985e-04,4.8846e-04,2.2753e-07,3.0066e-05,1.3065e-04,4.8467e-21,5.8037e-08,1.0346e-07,0.0000e+00,5.6977e-21,0.0000e+00,6.5588e-28,5.2958e-29,2.3327e-28,5.3092e-27,4.0871e-28,0.0000e+00,4.1681e-45,2.8877e-39,5.2441e-36,1.8068e-49,0.0000e+00,0.0000e+00,0.0000e+00,0.0000e+00,0.0000e+00
<ATMOSPHERE-LAYER-29>7.1969e-03,3.7382e+02,8.3685e-01,1.6167e-01,6.7981e-04,4.8845e-04,2.9469e-07,3.0066e-05,1.1863e-04,4.9813e-21,5.8037e-08,1.0661e-07,0.0000e+00,6.6571e-21,0.0000e+00,3.4619e-28,3.9591e-29,1.5746e-28,5.4316e-27,2.7989e-28,0.0000e+00,2.1227e-45,1.1887e-39,3.4908e-36,7.2349e-50,0.0000e+00,0.0000e+00,0.0000e+00,0.0000e+00,0.0000e+00
<ATMOSPHERE-LAYER-30>4.7149e-03,3.7193e+02,8.3685e-01,1.6167e-01,6.7980e-04,4.8845e-04,4.4740e-07,3.0066e-05,1.0541e-04,7.7886e-21,5.8036e-08,1.0660e-07,0.0000e+00,1.1080e-20,0.0000e+00,2.8258e-28,4.9370e-29,1.6148e-28,8.4735e-27,2.8907e-28,0.0000e+00,2.3597e-45,8.5961e-40,3.5559e-36,5.3885e-50,0.0000e+00,0.0000e+00,0.0000e+00,0.0000e+00,0.0000e+00
<ATMOSPHERE-LAYER-31>3.0888e-03,3.7102e+02,8.3686e-01,1.6167e-01,6.7979e-04,4.8844e-04,7.5220e-07,3.0066e-05,9.3798e-05,1.4963e-20,5.8036e-08,1.0660e-07,0.0000e+00,2.1940e-20,0.0000e+00,2.8572e-28,8.0103e-29,2.0336e-28,1.6261e-26,3.6528e-28,0.0000e+00,3.8438e-45,8.1969e-40,4.4634e-36,5.5375e-50,0.0000e+00,0.0000e+00,0.0000e+00,0.0000e+00,0.0000e+00
<ATMOSPHERE-LAYER-32>2.0236e-03,3.7058e+02,8.3687e-01,1.6166e-01,6.7978e-04,4.8844e-04,1.3267e-06,3.0065e-05,8.3456e-05,3.1769e-20,5.8035e-08,1.0660e-07,0.0000e+00,4.7263e-20,0.0000e+00,3.2051e-28,1.4755e-28,2.8294e-28,3.4506e-26,5.0905e-28,0.0000e+00,7.5362e-45,8.9389e-40,6.2001e-36,6.6667e-50,0.0000e+00,0.0000e+00,0.0000e+00,0.0000e+00,0.0000e+00
<ATMOSPHERE-LAYER-33>1.3257e-03,3.7037e+02,8.3687e-01,1.6166e-01,6.7977e-04,4.8843e-04,2.3927e-06,3.0065e-05,7.4221e-05,7.0781e-20,5.8034e-08,1.0660e-07,0.0000e+00,1.0604e-19,0.0000e+00,3.7801e-28,2.8886e-28,4.1305e-28,7.6859e-26,7.4372e-28,0.0000e+00,1.6159e-44,1.0400e-39,9.0441e-36,8.6718e-50,0.0000e+00,0.0000e+00,0.0000e+00,0.0000e+00,0.0000e+00
<ATMOSPHERE-LAYER-34>8.6851e-04,3.7027e+02,8.3688e-01,1.6166e-01,6.7976e-04,4.8843e-04,3.9418e-06,3.0065e-05,6.2734e-05,1.6141e-19,5.8034e-08,1.0660e-07,0.0000e+00,2.4262e-19,0.0000e+00,4.5672e-28,5.5353e-28,6.1711e-28,1.7524e-25,1.1116e-27,0.0000e+00,3.6173e-44,1.2484e-39,1.3507e-35,1.1474e-49,0.0000e+00,0.0000e+00,0.0000e+00,0.0000e+00,0.0000e+00
<ATMOSPHERE-LAYER-35>5.6899e-04,3.7022e+02,8.3688e-01,1.6166e-01,6.7976e-04,4.8843e-04,5.3338e-06,3.0065e-05,4.7928e-05,3.7220e-19,5.8034e-08,1.0660e-07,0.0000e+00,5.6039e-19,0.0000e+00,5.5825e-28,9.7245e-28,9.3231e-28,4.0408e-25,1.6796e-27,0.0000e+00,8.2681e-44,1.5211e-39,2.0402e-35,1.4843e-49,0.0000e+00,0.0000e+00,0.0000e+00,0.0000e+00,0.0000e+00
<ATMOSPHERE-LAYER-36>3.7276e-04,3.7019e+02,8.3689e-01,1.6166e-01,6.7976e-04,4.8843e-04,7.2348e-06,3.0065e-05,3.6612e-05,8.6291e-19,5.8034e-08,1.0660e-07,0.0000e+00,1.3002e-18,0.0000e+00,6.8616e-28,1.7199e-27,1.4161e-27,9.3678e-25,2.5514e-27,0.0000e+00,1.9088e-43,1.8669e-39,3.0986e-35,1.9377e-49,0.0000e+00,0.0000e+00,0.0000e+00,0.0000e+00,0.0000e+00
<ATMOSPHERE-LAYER-37>2.4421e-04,3.7018e+02,8.3689e-01,1.6166e-01,6.7976e-04,4.8843e-04,9.8236e-06,3.0065e-05,2.7966e-05,2.0057e-18,5.8033e-08,1.0660e-07,0.0000e+00,3.0233e-18,0.0000e+00,8.4565e-28,3.0517e-27,2.1563e-27,2.1774e-24,3.8853e-27,0.0000e+00,4.4276e-43,2.2991e-39,4.7183e-35,2.5407e-49,0.0000e+00,0.0000e+00,0.0000e+00,0.0000e+00,0.0000e+00
<ATMOSPHERE-LAYER-38>1.5999e-04,3.7018e+02,8.3689e-01,1.6166e-01,6.7976e-04,4.8842e-04,1.3345e-05,3.0065e-05,2.1360e-05,4.6678e-18,5.8033e-08,1.0660e-07,0.0000e+00,7.0371e-18,0.0000e+00,1.0435e-27,5.4227e-27,3.2877e-27,5.0673e-24,5.9239e-27,0.0000e+00,1.0294e-42,2.8362e-39,7.1936e-35,3.3383e-49,0.0000e+00,0.0000e+00,0.0000e+00,0.0000e+00,0.0000e+00
<ATMOSPHERE-LAYER-39>1.0481e-04,3.7017e+02,8.3690e-01,1.6166e-01,6.7975e-04,4.8842e-04,1.8132e-05,3.0064e-05,1.6314e-05,1.0870e-17,5.8033e-08,1.0660e-07,0.0000e+00,1.6388e-17,0.0000e+00,1.2885e-27,9.6429e-27,5.0155e-27,1.1800e-23,9.0374e-27,0.0000e+00,2.3960e-42,3.5014e-39,1.0974e-34,4.3907e-49,0.0000e+00,0.0000e+00,0.0000e+00,0.0000e+00,0.0000e+00
<ATMOSPHERE-LAYER-40>6.8665e-05,3.7017e+02,8.3689e-01,1.6166e-01,6.9077e-04,4.8842e-04,2.2244e-05,3.0064e-05,1.1838e-05,2.5730e-17,5.8033e-08,1.0660e-07,0.0000e+00,3.9425e-17,0.0000e+00,1.5915e-27,1.6299e-26,7.6539e-27,2.7932e-23,1.4015e-26,0.0000e+00,5.5799e-42,4.3945e-39,1.7294e-34,6.0016e-49,0.0000e+00,0.0000e+00,0.0000e+00,0.0000e+00,0.0000e+00
<ATMOSPHERE-LAYER-41>4.4984e-05,3.7017e+02,8.3688e-01,1.6166e-01,7.0338e-04,4.8842e-04,2.6943e-05,3.0064e-05,8.5356e-06,6.1038e-17,5.8033e-08,1.0660e-07,0.0000e+00,9.5236e-17,0.0000e+00,1.9660e-27,2.7378e-26,1.1682e-26,6.6262e-23,2.1781e-26,0.0000e+00,1.2998e-41,5.5276e-39,2.7368e-34,8.2445e-49,0.0000e+00,0.0000e+00,0.0000e+00,0.0000e+00,0.0000e+00
<ATMOSPHERE-LAYER-42>2.9471e-05,3.7017e+02,8.3687e-01,1.6166e-01,7.1623e-04,4.8842e-04,3.2636e-05,3.0064e-05,6.1543e-06,1.4481e-16,5.8033e-08,1.0660e-07,0.0000e+00,2.3007e-16,0.0000e+00,2.4288e-27,4.5990e-26,1.7830e-26,1.5720e-22,3.3853e-26,0.0000e+00,3.0283e-41,6.9534e-39,4.3314e-34,1.1327e-48,0.0000e+00,0.0000e+00,0.0000e+00,0.0000e+00,0.0000e+00
<ATMOSPHERE-LAYER-43>1.9307e-05,3.7017e+02,8.3686e-01,1.6166e-01,7.2930e-04,4.8841e-04,3.9531e-05,3.0064e-05,4.4373e-06,3.4356e-16,5.8033e-08,1.0660e-07,0.0000e+00,5.5581e-16,0.0000e+00,3.0007e-27,7.7260e-26,2.7216e-26,3.7296e-22,5.2617e-26,0.0000e+00,7.0555e-41,8.7473e-39,6.8551e-34,1.5563e-48,0.0000e+00,0.0000e+00,0.0000e+00,0.0000e+00,0.0000e+00
<ATMOSPHERE-LAYER-44>1.2649e-05,3.7017e+02,8.3685e-01,1.6166e-01,7.4261e-04,4.8841e-04,4.7883e-05,3.0064e-05,3.1994e-06,8.1510e-16,5.8033e-08,1.0660e-07,0.0000e+00,1.3428e-15,0.0000e+00,3.7072e-27,1.2979e-25,4.1544e-26,8.8488e-22,8.1782e-26,0.0000e+00,1.6439e-40,1.1004e-38,1.0849e-33,2.1383e-48,0.0000e+00,0.0000e+00,0.0000e+00,0.0000e+00,0.0000e+00
<ATMOSPHERE-LAYER-45>8.2864e-06,3.7017e+02,8.3685e-01,1.6166e-01,7.4405e-04,4.8841e-04,5.4183e-05,3.0115e-05,2.2296e-06,1.9028e-15,5.8032e-08,1.0660e-07,0.0000e+00,3.1406e-15,0.0000e+00,4.5802e-27,2.1074e-25,6.3412e-26,2.0692e-21,1.2507e-25,0.0000e+00,3.8301e-40,1.3622e-38,1.6653e-33,2.8032e-48,0.0000e+00,0.0000e+00,0.0000e+00,0.0000e+00,0.0000e+00
<ATMOSPHERE-LAYER-46>5.4287e-06,3.7017e+02,8.3686e-01,1.6165e-01,7.3058e-04,4.8841e-04,5.6308e-05,3.0230e-05,1.4891e-06,4.3528e-15,5.8032e-08,1.0660e-07,0.0000e+00,7.0544e-15,0.0000e+00,5.6588e-27,3.2792e-25,9.6788e-26,4.7515e-21,1.8745e-25,0.0000e+00,8.9234e-40,1.6525e-38,2.4599e-33,3.4654e-48,0.0000e+00,0.0000e+00,0.0000e+00,0.0000e+00,0.0000e+00
<ATMOSPHERE-LAYER-47>3.5565e-06,3.7017e+02,8.3688e-01,1.6165e-01,7.1735e-04,4.8840e-04,5.8517e-05,3.0345e-05,9.9454e-07,9.9576e-15,5.8031e-08,1.0660e-07,0.0000e+00,1.5845e-14,0.0000e+00,6.9914e-27,5.1025e-25,1.4773e-25,1.0911e-20,2.8093e-25,0.0000e+00,2.0790e-39,2.0046e-38,3.6338e-33,4.2840e-48,0.0000e+00,0.0000e+00,0.0000e+00,0.0000e+00,0.0000e+00
<ATMOSPHERE-LAYER-48>2.3300e-06,3.7017e+02,8.3690e-01,1.6165e-01,7.0436e-04,4.8840e-04,6.0813e-05,3.0461e-05,6.6423e-07,2.2779e-14,5.8031e-08,1.0660e-07,0.0000e+00,3.5591e-14,0.0000e+00,8.6378e-27,7.9396e-25,2.2549e-25,2.5055e-20,4.2103e-25,0.0000e+00,4.8435e-39,2.4318e-38,5.3677e-33,5.2960e-48,0.0000e+00,0.0000e+00,0.0000e+00,0.0000e+00,0.0000e+00
<ATMOSPHERE-LAYER-49>1.5264e-06,3.7017e+02,8.3691e-01,1.6165e-01,6.9161e-04,4.8840e-04,6.3199e-05,3.0578e-05,4.4362e-07,5.2110e-14,5.8030e-08,1.0659e-07,0.0000e+00,7.9943e-14,0.0000e+00,1.0672e-26,1.2354e-24,3.4417e-25,5.7534e-20,6.3101e-25,0.0000e+00,1.1284e-38,2.9500e-38,7.9292e-33,6.5471e-48,0.0000e+00,0.0000e+00,0.0000e+00,0.0000e+00,0.0000e+00
<ATMOSPHERE-LAYER-50>1.0000e-06,3.7017e+02,8.3693e-01,1.6165e-01,6.7909e-04,4.8840e-04,6.5678e-05,3.0695e-05,2.9628e-07,1.1921e-13,5.8030e-08,1.0659e-07,0.0000e+00,1.7956e-13,0.0000e+00,1.3185e-26,1.9223e-24,5.2532e-25,1.3212e-19,9.4570e-25,0.0000e+00,2.6290e-38,3.5786e-38,1.1713e-32,8.0937e-48,0.0000e+00,0.0000e+00,0.0000e+00,0.0000e+00,0.0000e+00
<SURFACE-MODEL>Lambert
<SURFACE-PHASEMODEL>ISO
<SURFACE-ALBEDO>0.145
<SURFACE-EMISSIVITY>0.855
<SURFACE-TEMPERATURE>887.8
