<OBJECT>Exoplanet
<OBJECT-NAME>Kelt-9 b
<OBJECT-DATE>2025/04/28 18:41
<OBJECT-ORBIT>0.00000000,0.00000,1.48112350,90.00000,0.03462,2457095.685720
<OBJECT-SEASON>235.3
<OBJECT-PERIOD>1.48112350
<OBJECT-SOLAR-LONGITUDE>0.0
<OBJECT-SOLAR-LATITUDE>0.00
<OBJECT-OBS-LONGITUDE>124.74
<OBJECT-OBS-LATITUDE>3.21
<OBJECT-POSITION-ANGLE>0.00
<OBJECT-DIAMETER>270382.7
<OBJECT-GRAVITY>0.528
<OBJECT-GRAVITY-UNIT>rho
<OBJECT-STAR-RADIUS>2.36
<OBJECT-STAR-METALLICITY>-0.03
<OBJECT-STAR-TYPE>U
<OBJECT-STAR-TEMPERATURE>10170.0
<OBJECT-OBS-VELOCITY>-20.567
<OBJECT-STAR-DISTANCE>0.03462
<OBJECT-STAR-VELOCITY>0.27643
<OBJECT-INCLINATION>86.79
<GEOMETRY-ALTITUDE-UNIT>pc
<GEOMETRY-OBS-ALTITUDE>204.4550
<GEOMETRY-STAR-DISTANCE>8.553148e-05
<OBJECT-SHAPE>Sphere
<GEOMETRY-SOLAR-ANGLE>86.690
<GEOMETRY-OBS-ANGLE>48.121
<GEOMETRY-PLANET-FRACTION>1.000e+00
<GEOMETRY-BRDFSCALER>1.000
<GEOMETRY-TEMISSION>300.000
<GEOMETRY-AZIMUTH>0.000
<GEOMETRY-STAR-FRACTION>0.000000e+00
<GEOMETRY-ROTATION>-208.65,4.68
<GEOMETRY>Observatory
<ATMOSPHERE-DESCRIPTION>Parmentier+2014; Kempton_1.0Xsolar_cond
<ATMOSPHERE-STRUCTURE>Equilibrium
<ATMOSPHERE-WEIGHT>2.04
<ATMOSPHERE-PRESSURE>1.0000
<ATMOSPHERE-PUNIT>bar
<ATMOSPHERE-NGAS>8
<ATMOSPHERE-GAS>H2,He,CO,H2O,CO2,O2,CH4,O3
<ATMOSPHERE-TYPE>HIT[45],HIT[0],HIT[5],HIT[1],HIT[2],HIT[7],HIT[6],HIT[3]
<ATMOSPHERE-ABUN>1.0,1.0,1.0,1.0,1.0,1.0,1.0,1.0
<ATMOSPHERE-UNIT>scl,scl,scl,scl,scl,scl,scl,scl
<ATMOSPHERE-LAYERS-MOLECULES>H2,H,He,CO,H2O,N2,SiO,OH,O,SH,Na,H2S,HCl,K,N,SiH,TiO,HF,NO,CO2,MgH,NH3,HCN,O2,VO,C,H2CO,CH4,PH3,COS,SO2,C2H2,NO2,C2H4,O3
<ATMOSPHERE-LAYERS>50
<ATMOSPHERE-LAYER-1>1.0000e+03,4.9093e+03,8.3270e-01,4.5578e-03,1.6116e-01,2.9651e-04,6.1598e-04,4.5952e-05,5.7183e-05,1.1463e-06,3.7911e-09,2.7524e-06,3.0158e-06,2.5681e-05,3.5331e-07,2.0287e-07,2.9777e-09,4.2927e-06,8.0523e-08,5.5903e-08,8.7694e-10,3.3352e-08,1.2832e-06,3.6695e-05,4.7803e-06,1.1219e-12,1.6168e-09,1.9298e-10,1.5254e-07,1.6297e-04,1.2173e-07,4.3105e-10,1.1108e-13,8.7561e-07,3.2663e-17,1.1076e-07,3.5951e-23
<ATMOSPHERE-LAYER-2>6.5513e+02,4.5735e+03,8.3109e-01,5.6256e-03,1.6100e-01,3.2364e-04,5.7518e-04,4.8804e-05,5.8049e-05,1.3237e-06,5.4140e-09,3.2601e-06,3.1130e-06,2.4597e-05,3.5302e-07,2.0829e-07,3.7913e-09,3.7664e-06,7.8310e-08,5.6021e-08,1.0446e-09,3.4059e-08,1.0397e-06,2.4703e-05,3.7617e-06,1.4989e-12,1.5185e-09,2.2514e-10,1.0887e-07,8.1286e-05,9.5709e-08,4.5150e-10,1.4243e-13,5.1052e-07,3.6402e-17,4.2225e-08,4.4939e-23
<ATMOSPHERE-LAYER-3>4.2919e+02,4.2407e+03,8.2949e-01,6.9437e-03,1.6084e-01,3.5325e-04,5.3709e-04,5.1833e-05,5.8928e-05,1.5286e-06,7.7317e-09,3.8614e-06,3.2134e-06,2.3558e-05,3.5272e-07,2.1387e-07,4.8273e-09,3.3046e-06,7.6158e-08,5.6140e-08,1.2444e-09,3.4780e-08,8.4236e-07,1.6630e-05,2.9601e-06,2.0027e-12,1.4261e-09,2.6267e-10,7.7698e-08,4.0545e-05,7.5248e-08,4.7291e-10,1.8261e-13,2.9765e-07,4.0570e-17,1.6097e-08,5.6174e-23
<ATMOSPHERE-LAYER-4>2.8118e+02,4.0737e+03,8.2788e-01,8.5705e-03,1.6069e-01,3.8557e-04,5.0152e-04,5.5049e-05,5.9821e-05,1.7652e-06,1.1042e-08,4.5737e-06,3.3171e-06,2.2564e-05,3.5243e-07,2.1959e-07,6.1463e-09,2.8994e-06,7.4065e-08,5.6258e-08,1.4823e-09,3.5517e-08,6.8250e-07,1.1195e-05,2.3293e-06,2.6757e-12,1.3394e-09,3.0644e-10,5.5453e-08,2.0223e-05,5.9161e-08,4.9534e-10,2.3413e-13,1.7354e-07,4.5214e-17,6.1368e-09,7.0218e-23
<ATMOSPHERE-LAYER-5>1.8421e+02,3.9977e+03,8.2629e-01,1.0578e-02,1.6053e-01,4.2085e-04,4.6831e-04,5.8465e-05,6.0727e-05,2.0384e-06,1.5768e-08,5.4174e-06,3.4241e-06,2.1611e-05,3.5214e-07,2.2547e-07,7.8257e-09,2.5439e-06,7.2030e-08,5.6377e-08,1.7658e-09,3.6269e-08,5.5298e-07,7.5365e-06,1.8329e-06,3.5750e-12,1.2579e-09,3.5751e-10,3.9576e-08,1.0087e-05,4.6513e-08,5.1884e-10,3.0019e-13,1.0118e-07,5.0390e-17,2.3395e-09,8.7773e-23
<ATMOSPHERE-LAYER-6>1.2068e+02,3.9607e+03,8.2469e-01,1.3057e-02,1.6037e-01,4.5936e-04,4.3729e-04,6.2093e-05,6.1647e-05,2.3539e-06,2.2518e-08,6.4166e-06,3.5345e-06,2.0698e-05,3.5184e-07,2.3150e-07,9.9640e-09,2.2320e-06,7.0051e-08,5.6497e-08,2.1034e-09,3.7038e-08,4.4804e-07,5.0736e-06,1.4424e-06,4.7765e-12,1.1814e-09,4.1709e-10,2.8245e-08,5.0314e-06,3.6569e-08,5.4345e-10,3.8489e-13,5.8994e-08,5.6158e-17,8.9190e-10,1.0972e-22
<ATMOSPHERE-LAYER-7>7.9060e+01,3.9421e+03,8.2111e-01,1.6097e-02,1.6005e-01,4.7749e-04,4.2204e-04,6.3935e-05,6.2197e-05,2.8129e-06,3.3319e-08,7.3723e-06,3.6023e-06,1.9207e-05,3.5040e-07,2.3510e-07,1.2492e-08,1.8763e-06,6.9147e-08,5.6519e-08,2.5561e-09,3.7319e-08,3.6178e-07,3.3508e-06,1.0260e-06,6.8507e-12,1.1454e-09,4.4727e-10,1.9151e-08,2.2956e-06,2.6468e-08,5.2647e-10,5.1448e-13,2.8990e-08,6.6153e-17,2.8588e-10,1.5254e-22
<ATMOSPHERE-LAYER-8>5.1795e+01,3.9326e+03,8.1595e-01,1.9824e-02,1.5960e-01,4.7732e-04,4.1823e-04,6.4221e-05,6.2445e-05,3.4548e-06,5.0717e-08,8.2665e-06,3.6341e-06,1.7377e-05,3.4806e-07,2.3666e-07,1.5468e-08,1.5241e-06,6.9072e-08,5.6464e-08,3.1563e-09,3.7202e-08,2.9134e-07,2.1794e-06,6.7316e-07,1.0399e-11,1.1392e-09,4.4835e-10,1.2463e-08,9.7528e-07,1.7930e-08,4.7915e-10,7.1102e-13,1.2424e-08,8.1459e-17,7.9763e-11,2.3090e-22
<ATMOSPHERE-LAYER-9>3.3932e+01,3.9277e+03,8.1084e-01,2.4416e-02,1.5915e-01,4.7715e-04,4.1445e-04,6.4508e-05,6.2694e-05,4.2431e-06,7.7200e-08,9.2692e-06,3.6662e-06,1.5721e-05,3.4572e-07,2.3823e-07,1.9153e-08,1.2381e-06,6.8997e-08,5.6409e-08,3.8974e-09,3.7086e-08,2.3461e-07,1.4176e-06,4.4167e-07,1.5785e-11,1.1331e-09,4.4944e-10,8.1108e-09,4.1435e-07,1.2147e-08,4.3608e-10,9.8263e-13,5.3246e-09,1.0031e-16,2.2255e-11,3.4953e-22
<ATMOSPHERE-LAYER-10>2.2230e+01,3.9252e+03,8.0575e-01,3.0071e-02,1.5870e-01,4.7698e-04,4.1071e-04,6.4796e-05,6.2944e-05,5.2113e-06,1.1751e-07,1.0394e-05,3.6986e-06,1.4223e-05,3.4341e-07,2.3982e-07,2.3715e-08,1.0058e-06,6.8922e-08,5.6353e-08,4.8126e-09,3.6970e-08,1.8893e-07,9.2201e-07,2.8979e-07,2.3961e-11,1.1270e-09,4.5053e-10,5.2784e-09,1.7604e-07,8.2285e-09,3.9688e-10,1.3580e-12,2.2820e-09,1.2352e-16,6.2092e-12,5.2910e-22
<ATMOSPHERE-LAYER-11>1.4563e+01,3.9239e+03,8.0069e-01,3.7035e-02,1.5826e-01,4.7681e-04,4.0700e-04,6.5085e-05,6.3196e-05,6.4004e-06,1.7888e-07,1.1654e-05,3.7313e-06,1.2868e-05,3.4111e-07,2.4141e-07,2.9365e-08,8.1700e-07,6.8847e-08,5.6298e-08,5.9426e-09,3.6854e-08,1.5214e-07,5.9969e-07,1.9013e-07,3.6372e-11,1.1209e-09,4.5162e-10,3.4351e-09,7.4790e-08,5.5742e-09,3.6121e-10,1.8767e-12,9.7799e-10,1.5209e-16,1.7324e-12,8.0092e-22
<ATMOSPHERE-LAYER-12>9.5410e+00,3.9232e+03,7.9447e-01,4.5578e-02,1.5771e-01,4.7621e-04,4.0291e-04,6.5286e-05,6.3390e-05,7.8587e-06,2.7241e-07,1.2897e-05,3.7586e-06,1.1481e-05,3.3820e-07,2.4269e-07,3.6336e-08,6.6225e-07,6.8731e-08,5.6200e-08,7.3364e-09,3.6723e-08,1.2234e-07,3.8890e-07,1.2440e-07,5.5265e-11,1.1146e-09,4.5209e-10,2.2301e-09,3.1635e-08,3.7012e-09,3.2439e-10,2.5642e-12,4.1735e-10,1.8734e-16,4.8057e-13,1.2141e-21
<ATMOSPHERE-LAYER-13>6.2506e+00,3.9228e+03,7.7883e-01,5.5754e-02,1.5637e-01,4.7219e-04,3.9560e-04,6.4772e-05,6.3123e-05,9.6285e-06,4.1647e-07,1.2847e-05,3.7409e-06,9.1653e-06,3.3041e-07,2.4136e-07,4.4716e-08,5.2766e-07,6.8280e-08,5.5760e-08,9.0425e-09,3.6471e-08,9.7234e-08,2.4632e-07,7.9567e-08,8.4625e-11,1.1068e-09,4.4757e-10,1.4202e-09,1.2918e-08,2.0932e-09,2.6193e-10,3.1973e-12,1.7210e-10,2.3127e-16,1.2727e-13,1.8621e-21
<ATMOSPHERE-LAYER-14>4.0949e+00,3.9227e+03,7.6349e-01,6.8201e-02,1.5503e-01,4.6821e-04,3.8843e-04,6.4261e-05,6.2858e-05,1.1797e-05,6.3672e-07,1.2797e-05,3.7233e-06,7.3165e-06,3.2280e-07,2.4005e-07,5.5027e-08,4.2042e-07,6.7832e-08,5.5324e-08,1.1145e-08,3.6221e-08,7.7281e-08,1.5601e-07,5.0893e-08,1.2958e-10,1.0990e-09,4.4310e-10,9.0440e-10,5.2748e-09,1.1839e-09,2.1150e-10,3.9868e-12,7.0971e-11,2.8550e-16,3.3707e-14,2.8559e-21
<ATMOSPHERE-LAYER-15>2.6827e+00,3.9226e+03,7.4846e-01,8.3428e-02,1.5371e-01,4.6427e-04,3.8138e-04,6.3755e-05,6.2593e-05,1.4453e-05,9.7344e-07,1.2747e-05,3.7057e-06,5.8406e-06,3.1537e-07,2.3874e-07,6.7717e-08,3.3497e-07,6.7387e-08,5.4891e-08,1.3737e-08,3.5972e-08,6.1422e-08,9.8811e-08,3.2553e-08,1.9842e-10,1.0912e-09,4.3867e-10,5.7594e-10,2.1539e-09,6.6956e-10,1.7077e-10,4.9712e-12,2.9266e-11,3.5245e-16,8.9268e-15,4.3800e-21
<ATMOSPHERE-LAYER-16>1.7575e+00,3.9225e+03,7.3373e-01,1.0205e-01,1.5240e-01,4.6035e-04,3.7446e-04,6.3252e-05,6.2330e-05,1.7708e-05,1.4882e-06,1.2698e-05,3.6882e-06,4.6625e-06,3.0810e-07,2.3743e-07,8.3333e-08,2.6689e-07,6.6945e-08,5.4461e-08,1.6932e-08,3.5725e-08,4.8818e-08,6.2583e-08,2.0822e-08,3.0383e-10,1.0836e-09,4.3428e-10,3.6676e-10,8.7951e-10,3.7868e-10,1.3789e-10,6.1987e-12,1.2069e-11,4.3510e-16,2.3642e-15,6.7174e-21
<ATMOSPHERE-LAYER-17>1.1514e+00,3.9225e+03,7.1928e-01,1.2484e-01,1.5111e-01,4.5647e-04,3.6767e-04,6.2754e-05,6.2068e-05,2.1696e-05,2.2752e-06,1.2649e-05,3.6709e-06,3.7219e-06,3.0100e-07,2.3614e-07,1.0255e-07,2.1265e-07,6.6506e-08,5.4034e-08,2.0869e-08,3.5480e-08,3.8800e-08,3.9638e-08,1.3318e-08,4.6525e-10,1.0759e-09,4.2994e-10,2.3356e-10,3.5914e-10,2.1417e-10,1.1134e-10,7.7293e-12,4.9768e-12,5.3713e-16,6.2612e-16,1.0302e-20
<ATMOSPHERE-LAYER-18>7.5431e-01,3.9225e+03,6.8557e-01,1.5058e-01,1.4834e-01,4.4814e-04,3.5001e-04,6.1605e-05,6.1085e-05,2.6138e-05,3.4688e-06,1.1389e-05,3.6113e-06,2.6483e-06,2.8455e-07,2.3221e-07,1.2553e-07,1.6558e-07,6.5284e-08,5.3049e-08,2.5516e-08,3.4791e-08,3.0104e-08,2.3942e-08,8.2959e-09,7.0844e-10,1.0551e-09,4.2261e-10,1.4318e-10,1.3764e-10,1.0960e-10,8.1601e-11,8.7864e-12,1.9670e-12,6.5593e-16,1.5453e-16,1.5669e-20
<ATMOSPHERE-LAYER-19>4.9417e-01,3.9225e+03,6.4431e-01,1.8035e-01,1.4491e-01,4.3779e-04,3.2809e-04,6.0159e-05,5.9766e-05,3.1224e-05,5.2810e-06,9.7507e-06,3.5321e-06,1.7790e-06,2.6460e-07,2.2707e-07,1.5326e-07,1.2745e-07,6.3701e-08,5.1809e-08,3.1071e-08,3.3898e-08,2.3078e-08,1.4122e-08,5.0996e-09,1.0758e-09,1.0282e-09,4.1392e-10,8.6119e-11,5.1105e-11,5.3348e-11,5.6979e-11,9.5366e-12,7.6115e-13,7.9666e-16,3.6815e-17,2.3731e-20
<ATMOSPHERE-LAYER-20>3.2375e-01,3.9225e+03,6.0553e-01,2.1601e-01,1.4156e-01,4.2767e-04,3.0755e-04,5.8747e-05,5.8476e-05,3.7301e-05,8.0401e-06,8.3477e-06,3.4547e-06,1.1951e-06,2.4605e-07,2.2203e-07,1.8712e-07,9.8101e-08,6.2157e-08,5.0597e-08,3.7836e-08,3.3029e-08,1.7691e-08,8.3297e-09,3.1347e-09,1.6335e-09,1.0019e-09,4.0541e-10,5.1799e-11,1.8975e-11,2.5968e-11,3.9787e-11,1.0351e-11,2.9453e-13,9.6758e-16,8.7710e-18,3.5941e-20
<ATMOSPHERE-LAYER-21>2.1210e-01,3.9221e+03,5.6909e-01,2.5872e-01,1.3829e-01,4.1779e-04,2.8829e-04,5.7368e-05,5.7214e-05,4.4560e-05,1.2241e-05,7.1466e-06,3.3789e-06,8.0283e-07,2.2881e-07,2.1711e-07,2.2845e-07,7.5511e-08,6.0650e-08,4.9413e-08,4.6073e-08,3.2182e-08,1.3562e-08,4.9132e-09,1.9270e-09,2.4805e-09,9.7637e-10,3.9708e-10,3.1156e-11,7.0454e-12,1.2641e-11,2.7782e-11,1.1235e-11,1.1397e-13,1.1752e-15,2.0897e-18,5.4434e-20
<ATMOSPHERE-LAYER-22>1.3895e-01,3.9141e+03,5.3485e-01,3.0988e-01,1.3510e-01,4.0813e-04,2.7023e-04,5.6022e-05,5.5978e-05,5.3232e-05,1.8636e-05,6.1183e-06,3.3048e-06,5.3932e-07,2.1277e-07,2.1230e-07,2.7892e-07,5.8123e-08,5.9180e-08,4.8258e-08,5.6105e-08,3.1356e-08,1.0397e-08,2.8980e-09,1.1845e-09,3.7666e-09,9.5147e-10,3.8891e-10,1.8739e-11,2.6159e-12,6.1530e-12,1.9399e-11,1.2194e-11,4.4099e-14,1.4273e-15,4.9785e-19,8.2441e-20
<ATMOSPHERE-LAYER-23>9.1030e-02,3.8778e+03,4.9010e-01,3.6649e-01,1.3140e-01,3.9698e-04,2.4157e-04,5.4457e-05,5.4475e-05,6.1416e-05,2.7750e-05,5.0686e-06,3.2178e-06,3.4617e-07,1.9244e-07,2.0667e-07,3.3975e-07,4.4924e-08,5.6682e-08,4.6896e-08,6.6669e-08,2.9753e-08,7.8358e-09,1.6419e-09,7.3024e-10,5.4714e-09,9.0385e-10,3.8777e-10,1.0942e-11,9.3998e-13,2.8599e-12,1.3217e-11,1.2408e-11,1.7242e-14,1.6546e-15,1.1685e-19,1.1683e-19
<ATMOSPHERE-LAYER-24>5.9636e-02,3.8131e+03,4.1104e-01,4.1467e-01,1.2589e-01,3.8032e-04,1.8288e-04,5.2094e-05,5.2021e-05,6.2727e-05,3.8236e-05,3.7426e-06,3.0838e-06,1.8947e-07,1.5795e-07,1.9805e-07,4.1055e-07,3.5228e-08,5.0869e-08,4.4787e-08,7.2722e-08,2.5730e-08,5.5646e-09,8.0808e-10,4.5478e-10,6.8053e-09,7.8528e-10,4.1155e-10,5.7598e-12,3.0117e-13,1.1308e-12,8.2634e-12,1.0071e-11,6.9908e-15,1.6292e-15,2.6032e-20,1.3117e-19
<ATMOSPHERE-LAYER-25>3.9069e-02,3.7541e+03,3.4473e-01,4.6918e-01,1.2060e-01,3.6435e-04,1.3846e-04,4.9833e-05,4.9677e-05,6.4066e-05,5.2684e-05,2.7635e-06,2.9554e-06,1.0370e-07,1.2965e-07,1.8979e-07,4.9610e-07,2.7624e-08,4.5653e-08,4.2773e-08,7.9324e-08,2.2252e-08,3.9517e-09,3.9769e-10,2.8323e-10,8.4644e-09,6.8227e-10,4.3678e-10,3.0319e-12,9.6495e-14,4.4714e-13,5.1664e-12,8.1750e-12,2.8344e-15,1.6041e-15,5.7991e-21,1.4727e-19
<ATMOSPHERE-LAYER-26>2.5595e-02,3.7510e+03,2.8912e-01,5.3085e-01,1.1554e-01,3.4906e-04,1.0482e-04,4.7671e-05,4.7439e-05,6.5434e-05,7.2592e-05,2.0405e-06,2.8324e-06,5.6759e-08,1.0641e-07,1.8188e-07,5.9948e-07,2.1662e-08,4.0971e-08,4.0849e-08,8.6526e-08,1.9243e-08,2.8063e-09,1.9572e-10,1.7639e-10,1.0528e-08,5.9277e-10,4.6355e-10,1.5959e-12,3.0917e-14,1.7680e-13,3.2301e-12,6.6357e-12,1.1492e-15,1.5795e-15,1.2919e-21,1.6535e-19
<ATMOSPHERE-LAYER-27>1.6768e-02,3.8204e+03,2.4248e-01,6.0063e-01,1.1069e-01,3.3441e-04,7.9357e-05,4.5602e-05,4.5302e-05,6.6831e-05,1.0002e-04,1.5067e-06,2.7144e-06,3.1066e-08,8.7344e-08,1.7429e-07,7.2439e-07,1.6986e-08,3.6769e-08,3.9012e-08,9.4382e-08,1.6642e-08,1.9929e-09,9.6323e-11,1.0985e-10,1.3095e-08,5.1501e-10,4.9197e-10,8.4008e-13,9.9058e-15,6.9910e-14,2.0195e-12,5.3862e-12,4.6593e-16,1.5553e-15,2.8779e-22,1.8565e-19
<ATMOSPHERE-LAYER-28>1.0985e-02,3.9346e+03,2.0337e-01,6.7959e-01,1.0604e-01,3.2038e-04,6.0079e-05,4.3623e-05,4.3261e-05,6.8258e-05,1.3782e-04,1.1125e-06,2.6014e-06,1.7003e-08,7.1692e-08,1.6702e-07,8.7534e-07,1.3320e-08,3.2999e-08,3.7258e-08,1.0295e-07,1.4392e-08,1.4153e-09,4.7405e-11,6.8412e-11,1.6287e-08,4.4745e-10,5.2213e-10,4.4221e-13,3.1738e-15,2.7643e-14,1.2626e-12,4.3720e-12,1.8891e-16,1.5314e-15,6.4112e-23,2.0844e-19
<ATMOSPHERE-LAYER-29>7.1969e-03,4.0573e+03,1.5024e-01,7.2167e-01,1.0283e-01,3.1068e-04,3.3215e-05,4.2141e-05,4.0639e-05,5.4244e-05,1.5743e-04,7.6238e-07,2.5231e-06,8.1060e-09,5.2099e-08,1.6199e-07,1.0629e-06,1.1632e-08,2.5167e-08,3.5391e-08,9.3554e-08,1.0444e-08,9.5482e-10,1.9383e-11,4.9065e-11,1.3923e-08,3.2640e-10,6.7661e-10,2.0755e-13,9.6343e-16,9.1064e-15,7.9012e-13,2.4117e-12,1.0059e-16,1.0414e-15,1.6522e-23,1.3334e-19
<ATMOSPHERE-LAYER-30>4.7149e-03,4.1622e+03,1.0705e-01,7.5260e-01,1.0007e-01,3.0233e-04,1.6786e-05,4.0823e-05,3.7997e-05,4.0124e-05,1.7045e-04,5.1141e-07,2.4554e-06,3.7150e-09,3.6567e-08,1.5764e-07,1.2925e-06,1.0476e-08,1.8322e-08,3.3565e-08,8.0692e-08,7.2090e-09,6.3481e-10,7.5163e-12,3.6637e-11,1.0692e-08,2.2650e-10,9.2827e-10,9.4275e-14,2.8798e-16,2.8474e-15,4.9457e-13,1.1913e-12,5.7895e-17,6.3712e-16,4.4388e-24,7.2632e-20
<ATMOSPHERE-LAYER-31>3.0888e-03,4.2383e+03,7.6269e-02,7.8485e-01,9.7380e-02,2.9421e-04,8.4831e-06,3.9547e-05,3.5527e-05,2.9680e-05,1.8455e-04,3.4305e-07,2.3896e-06,1.7026e-09,2.5665e-08,1.5342e-07,1.5717e-06,9.4344e-09,1.3339e-08,3.1834e-08,6.9599e-08,4.9760e-09,4.2205e-10,2.9147e-12,2.7357e-11,8.2112e-09,1.5718e-10,1.2735e-09,4.2822e-14,8.6079e-17,8.9034e-16,3.0958e-13,5.8850e-13,3.3322e-17,3.8978e-16,1.1925e-24,3.9564e-20
<ATMOSPHERE-LAYER-32>2.0236e-03,4.2871e+03,5.4340e-02,8.1849e-01,9.4762e-02,2.8630e-04,4.2871e-06,3.8310e-05,3.3217e-05,2.1954e-05,1.9981e-04,2.3012e-07,2.3256e-06,7.8027e-10,1.8014e-08,1.4930e-07,1.9113e-06,8.4964e-09,9.7112e-09,3.0191e-08,6.0031e-08,3.4346e-09,2.8060e-10,1.1303e-12,2.0428e-11,6.3059e-09,1.0907e-10,1.7472e-09,1.9451e-14,2.5730e-17,2.7839e-16,1.9378e-13,2.9071e-13,1.9179e-17,2.3847e-16,3.2038e-25,2.1552e-20
<ATMOSPHERE-LAYER-33>1.3257e-03,4.3157e+03,3.8717e-02,8.5356e-01,9.2215e-02,2.7861e-04,2.1666e-06,3.7112e-05,3.1057e-05,1.6240e-05,2.1633e-04,1.5437e-07,2.2632e-06,3.5760e-10,1.2643e-08,1.4530e-07,2.3241e-06,7.6517e-09,7.0700e-09,2.8634e-08,5.1778e-08,2.3707e-09,1.8655e-10,4.3830e-13,1.5253e-11,4.8427e-09,7.5687e-11,2.3971e-09,8.8350e-15,7.6908e-18,8.7049e-17,1.2130e-13,1.4360e-13,1.1039e-17,1.4589e-16,8.6072e-26,1.1740e-20
<ATMOSPHERE-LAYER-34>8.6851e-04,4.3315e+03,2.6935e-02,8.7959e-01,9.0405e-02,2.7314e-04,1.0479e-06,3.6100e-05,2.7805e-05,1.1635e-05,2.2958e-04,1.0282e-07,2.2189e-06,1.6080e-10,8.7000e-09,1.4245e-07,2.8320e-06,6.6520e-09,5.0103e-09,2.6226e-08,4.3865e-08,1.6159e-09,1.2347e-10,1.6433e-13,1.1592e-11,3.5731e-09,5.1787e-11,3.3800e-09,3.9476e-15,2.2527e-18,2.6401e-17,7.6862e-14,6.8486e-14,6.5537e-18,8.5932e-17,2.3289e-26,6.0222e-21
<ATMOSPHERE-LAYER-35>5.6899e-04,4.3401e+03,1.7865e-02,8.8503e-01,8.9955e-02,2.7177e-04,4.6428e-07,3.5407e-05,2.2825e-05,7.8201e-06,2.3408e-04,6.7520e-08,2.2079e-06,6.9606e-11,5.7540e-09,1.4174e-07,3.4651e-06,5.3887e-09,3.3645e-09,2.2400e-08,3.5852e-08,1.0740e-09,8.0985e-11,5.7592e-14,9.1237e-12,2.4336e-09,3.4451e-11,5.0349e-09,1.7068e-15,6.3357e-19,7.5337e-18,4.9914e-14,3.0442e-14,4.1396e-18,4.6914e-17,6.3922e-27,2.7398e-21
<ATMOSPHERE-LAYER-36>3.7276e-04,4.3446e+03,1.1849e-02,8.9052e-01,8.9508e-02,2.7042e-04,2.0570e-07,3.4727e-05,1.8737e-05,5.2560e-06,2.3867e-04,4.4339e-08,2.1969e-06,3.0131e-11,3.8056e-09,1.4104e-07,4.2398e-06,4.3654e-09,2.2593e-09,1.9133e-08,2.9302e-08,7.1382e-10,5.3119e-11,2.0184e-14,7.1812e-12,1.6575e-09,2.2918e-11,7.4999e-09,7.3794e-16,1.7819e-19,2.1497e-18,3.2413e-14,1.3532e-14,2.6148e-18,2.5613e-17,1.7544e-27,1.2464e-21
<ATMOSPHERE-LAYER-37>2.4421e-04,4.3470e+03,7.8592e-03,8.9603e-01,8.9062e-02,2.6907e-04,9.1134e-08,3.4060e-05,1.5381e-05,3.5326e-06,2.4335e-04,2.9117e-08,2.1860e-06,1.3043e-11,2.5170e-09,1.4034e-07,5.1877e-06,3.5364e-09,1.5172e-09,1.6342e-08,2.3949e-08,4.7444e-10,3.4841e-11,7.0740e-15,5.6523e-12,1.1289e-09,1.5246e-11,1.1172e-08,3.1905e-16,5.0117e-20,6.1342e-19,2.1049e-14,6.0149e-15,1.6516e-18,1.3983e-17,4.8153e-28,5.6707e-22
<ATMOSPHERE-LAYER-38>1.5999e-04,4.3482e+03,5.2127e-03,9.0158e-01,8.8619e-02,2.6773e-04,4.0377e-08,3.3406e-05,1.2627e-05,2.3743e-06,2.4813e-04,1.9121e-08,2.1752e-06,5.6462e-12,1.6647e-09,1.3964e-07,6.3474e-06,2.8648e-09,1.0188e-09,1.3958e-08,1.9574e-08,3.1533e-10,2.2853e-11,2.4792e-15,4.4489e-12,7.6884e-10,1.0142e-11,1.6641e-08,1.3795e-16,1.4096e-20,1.7504e-19,1.3669e-14,2.6737e-15,1.0432e-18,7.6340e-18,1.3216e-28,2.5798e-22
<ATMOSPHERE-LAYER-39>1.0481e-04,4.3489e+03,3.4574e-03,9.0716e-01,8.8178e-02,2.6639e-04,1.7889e-08,3.2764e-05,1.0365e-05,1.5958e-06,2.5299e-04,1.2557e-08,2.1644e-06,2.4441e-12,1.1010e-09,1.3895e-07,7.7665e-06,2.3207e-09,6.8414e-10,1.1922e-08,1.5998e-08,2.0958e-10,1.4989e-11,8.6889e-16,3.5017e-12,5.2364e-10,6.7468e-12,2.4789e-08,5.9642e-17,3.9644e-21,4.9948e-20,8.8766e-15,1.1885e-15,6.5896e-19,4.1678e-18,3.6275e-29,1.1737e-22
<ATMOSPHERE-LAYER-40>6.8665e-05,4.3492e+03,2.2708e-03,9.0831e-01,8.8087e-02,2.6608e-04,7.7608e-09,3.1389e-05,7.3253e-06,1.0554e-06,2.5508e-04,8.2301e-09,2.1621e-06,1.0508e-12,7.2267e-10,1.3880e-07,9.3918e-06,1.6288e-09,4.5242e-10,8.5952e-09,1.2779e-08,1.3827e-10,9.8220e-12,2.9656e-16,2.7517e-12,3.4874e-10,4.4527e-12,3.7484e-08,2.5632e-17,1.1099e-21,1.4086e-20,5.8039e-15,5.1812e-16,4.2473e-19,2.1990e-18,1.0060e-29,5.1631e-23
<ATMOSPHERE-LAYER-41>4.4984e-05,4.3494e+03,1.4896e-03,9.0890e-01,8.8038e-02,2.6589e-04,3.3580e-09,2.9983e-05,5.0809e-06,6.9662e-07,2.5683e-04,5.3930e-09,2.1609e-06,4.5141e-13,4.7391e-10,1.3873e-07,1.1341e-05,1.1228e-09,2.9861e-10,6.0668e-09,1.0178e-08,9.1143e-11,6.4353e-12,1.0089e-16,2.1618e-12,2.3160e-10,2.9357e-12,5.6787e-08,1.1008e-17,3.1054e-22,3.9669e-21,3.7980e-15,2.2533e-16,2.7446e-19,1.1553e-18,2.7938e-30,2.2618e-23
<ATMOSPHERE-LAYER-42>2.9471e-05,4.3495e+03,9.7715e-04,9.0949e-01,8.7990e-02,2.6570e-04,1.4530e-09,2.8641e-05,3.5242e-06,4.5980e-07,2.5858e-04,3.5340e-09,2.1597e-06,1.9391e-13,3.1078e-10,1.3865e-07,1.3694e-05,7.7399e-10,1.9709e-10,4.2821e-09,8.1065e-09,6.0077e-11,4.2164e-12,3.4320e-17,1.6985e-12,1.5381e-10,1.9355e-12,8.6032e-08,4.7273e-18,8.6889e-23,1.1171e-21,2.4854e-15,9.7999e-17,1.7735e-19,6.0694e-19,7.7584e-31,9.9079e-24
<ATMOSPHERE-LAYER-43>1.9307e-05,4.3495e+03,6.4099e-04,9.1008e-01,8.7942e-02,2.6552e-04,6.2869e-10,2.7358e-05,2.4445e-06,3.0348e-07,2.6035e-04,2.3157e-09,2.1586e-06,8.3299e-14,2.0380e-10,1.3857e-07,1.6535e-05,5.3355e-10,1.3009e-10,3.0225e-09,6.4567e-09,3.9599e-11,2.7626e-12,1.1675e-17,1.3344e-12,1.0215e-10,1.2761e-12,1.3034e-07,2.0301e-18,2.4311e-23,3.1459e-22,1.6264e-15,4.2620e-17,1.1460e-19,3.1887e-19,2.1545e-31,4.3403e-24
<ATMOSPHERE-LAYER-44>1.2649e-05,4.3495e+03,4.2048e-04,9.1068e-01,8.7894e-02,2.6533e-04,2.7203e-10,2.6133e-05,1.6955e-06,2.0031e-07,2.6213e-04,1.5175e-09,2.1574e-06,3.5783e-14,1.3365e-10,1.3850e-07,1.9966e-05,3.6780e-10,8.5862e-11,2.1333e-09,5.1426e-09,2.6102e-11,1.8100e-12,3.9717e-18,1.0484e-12,6.7841e-11,8.4137e-13,1.9746e-07,8.7184e-19,6.8022e-24,8.8592e-23,1.0643e-15,1.8536e-17,7.4055e-20,1.6752e-19,5.9831e-32,1.9013e-24
<ATMOSPHERE-LAYER-45>8.2864e-06,4.3495e+03,2.7568e-04,9.1103e-01,8.7864e-02,2.6504e-04,1.1741e-10,2.3997e-05,1.1509e-06,1.3192e-07,2.6341e-04,9.9427e-10,2.1567e-06,1.5366e-14,8.7608e-11,1.3845e-07,2.3639e-05,2.4856e-10,5.6547e-11,1.4628e-09,4.0082e-09,1.7165e-11,1.1859e-12,1.3237e-18,8.0863e-13,4.4879e-11,5.5374e-13,2.9961e-07,3.7407e-19,1.9042e-24,2.4933e-23,6.9635e-16,8.0311e-18,4.7979e-20,8.5955e-20,1.6650e-32,8.2802e-25
<ATMOSPHERE-LAYER-46>5.4287e-06,4.3495e+03,1.8063e-04,9.1109e-01,8.7859e-02,2.6462e-04,5.0522e-11,2.0976e-05,7.6049e-07,8.6640e-08,2.6405e-04,6.5139e-10,2.1565e-06,6.5955e-15,5.7400e-11,1.3845e-07,2.7305e-05,1.6385e-10,3.7137e-11,9.6746e-10,3.0405e-09,1.1255e-11,7.7690e-13,4.3000e-19,6.0952e-13,2.9544e-11,3.6363e-13,4.5551e-07,1.6032e-19,5.3342e-25,7.0115e-24,4.5546e-16,3.4635e-18,3.1186e-20,4.2820e-20,4.6454e-33,3.5797e-25
<ATMOSPHERE-LAYER-47>3.5565e-06,4.3496e+03,1.1835e-04,9.1114e-01,8.7854e-02,2.6420e-04,2.1739e-11,1.8336e-05,5.0250e-07,5.6901e-08,2.6469e-04,4.2675e-10,2.1564e-06,2.8310e-15,3.7608e-11,1.3844e-07,3.1540e-05,1.0801e-10,2.4390e-11,6.3983e-10,2.3065e-09,7.3793e-12,5.0897e-13,1.3969e-19,4.5944e-13,1.9449e-11,2.3879e-13,6.9253e-07,6.8707e-20,1.4943e-25,1.9718e-24,2.9790e-16,1.4936e-18,2.0271e-20,2.1332e-20,1.2961e-33,1.5476e-25
<ATMOSPHERE-LAYER-48>2.3300e-06,4.3496e+03,7.7545e-05,9.1120e-01,8.7849e-02,2.6379e-04,9.3539e-12,1.6028e-05,3.3203e-07,3.7370e-08,2.6533e-04,2.7958e-10,2.1563e-06,1.2151e-15,2.4640e-11,1.3843e-07,3.6433e-05,7.1201e-11,1.6018e-11,4.2316e-10,1.7496e-09,4.8385e-12,3.3344e-13,4.5377e-20,3.4631e-13,1.2803e-11,1.5681e-13,1.0529e-06,2.9446e-20,4.1858e-26,5.5450e-25,1.9485e-16,6.4414e-19,1.3176e-20,1.0627e-20,3.6163e-34,6.6904e-26
<ATMOSPHERE-LAYER-49>1.5264e-06,4.3496e+03,5.0808e-05,9.1126e-01,8.7844e-02,2.6337e-04,4.0249e-12,1.4010e-05,2.1939e-07,2.4543e-08,2.6597e-04,1.8317e-10,2.1562e-06,5.2157e-16,1.6144e-11,1.3842e-07,4.2083e-05,4.6936e-11,1.0520e-11,2.7986e-10,1.3272e-09,3.1725e-12,2.1845e-13,1.4741e-20,2.6104e-13,8.4285e-12,1.0298e-13,1.6007e-06,1.2620e-20,1.1725e-26,1.5593e-25,1.2744e-16,2.7779e-19,8.5642e-21,5.2939e-21,1.0090e-34,2.8924e-26
<ATMOSPHERE-LAYER-50>1.0000e-06,4.3496e+03,3.3290e-05,9.1132e-01,8.7839e-02,2.6296e-04,1.7319e-12,1.2247e-05,1.4497e-07,1.6119e-08,2.6662e-04,1.2000e-10,2.1561e-06,2.2387e-16,1.0577e-11,1.3841e-07,4.8611e-05,3.0940e-11,6.9093e-12,1.8508e-10,1.0068e-09,2.0801e-12,1.4311e-13,4.7885e-21,1.9677e-13,5.5485e-12,6.7622e-14,2.4336e-06,5.4084e-21,3.2846e-27,4.3851e-26,8.3355e-17,1.1980e-19,5.5666e-21,2.6372e-21,2.8151e-35,1.2504e-26
<SURFACE-MODEL>Lambert
<SURFACE-PHASEMODEL>ISO
<SURFACE-ALBEDO>0.004
<SURFACE-EMISSIVITY>0.996
<SURFACE-TEMPERATURE>3000.0

<GENERATOR-RANGE1>0.4
<GENERATOR-RANGE2>20
<GENERATOR-RANGEUNIT>um
<GENERATOR-RESOLUTION>200
<GENERATOR-RESOLUTIONUNIT>RP

<GENERATOR-TELESCOPE>SINGLE
<GENERATOR-DIAMTELE>5.64
<GENERATOR-BEAM>1.0
<GENERATOR-BEAM-UNIT>diffrac

<GENERATOR-GAS-MODEL>Y
<GENERATOR-CONT-MODEL>Y
<GENERATOR-CONT-STELLAR>N
<GENERATOR-TRANS-APPLY>N
<GENERATOR-TRANS-SHOW>N
<GENERATOR-RADUNITS>ppm
<GENERATOR-RESOLUTIONKERNEL>Y

<!-- If you want noise (optional): -->
<NOISE-MODEL>Y
<NOISE-SNR>50
