<OBJECT>Exoplanet
<OBJECT-NAME>OGLE-2016-BLG-1227L b
<OBJECT-DATE>2025/04/28 18:41
<OBJECT-ORBIT>0.00000000,0.00000,1150.71576951,0.00000,3.40000,2460794.528472
<OBJECT-SEASON>180.0
<OBJECT-PERIOD>1150.71576951
<OBJECT-SOLAR-LONGITUDE>0.0
<OBJECT-SOLAR-LATITUDE>0.00
<OBJECT-OBS-LONGITUDE>180.00
<OBJECT-OBS-LATITUDE>0.00
<OBJECT-POSITION-ANGLE>0.00
<OBJECT-GRAVITY>1384.336
<OBJECT-GRAVITY-UNIT>rho
<OBJECT-STAR-TYPE>G
<OBJECT-STAR-TEMPERATURE>5500.0
<OBJECT-OBS-VELOCITY>0.000
<OBJECT-STAR-DISTANCE>3.40000
<OBJECT-STAR-VELOCITY>0.00000
<OBJECT-INCLINATION>90.00
<GEOMETRY-ALTITUDE-UNIT>pc
<GEOMETRY-OBS-ALTITUDE>1.0000
<GEOMETRY-STAR-DISTANCE>0.000000e+00
<OBJECT-SHAPE>Sphere
<GEOMETRY-SOLAR-ANGLE>90.000
<GEOMETRY-OBS-ANGLE>48.121
<GEOMETRY-PLANET-FRACTION>1.000e+00
<GEOMETRY-BRDFSCALER>1.000
<GEOMETRY-TEMISSION>300.000
<GEOMETRY-AZIMUTH>0.000
<GEOMETRY-STAR-FRACTION>8.386316e-05
<GEOMETRY-ROTATION>-0.00,0.00
<GEOMETRY>Observatory
<ATMOSPHERE-DESCRIPTION>Parmentier+2014; Kempton_1.0Xsolar_cond
<ATMOSPHERE-STRUCTURE>Equilibrium
<ATMOSPHERE-WEIGHT>2.36
<ATMOSPHERE-PRESSURE>1.0000
<ATMOSPHERE-PUNIT>bar
<ATMOSPHERE-NGAS>4
<ATMOSPHERE-GAS>H2,He,H2O,CH4
<ATMOSPHERE-TYPE>HIT[45],HIT[0],HIT[1],HIT[6]
<ATMOSPHERE-ABUN>1.0,1.0,1.0,1.0
<ATMOSPHERE-UNIT>scl,scl,scl,scl
<ATMOSPHERE-LAYERS-MOLECULES>H2,He,H2O,CH4,NH3,H2S,HF,N2,HCl
<ATMOSPHERE-LAYERS>50
<ATMOSPHERE-LAYER-1>1.0000e+03,7.0103e+02,8.3684e-01,1.6167e-01,6.7508e-04,4.8846e-04,1.3437e-04,3.0067e-05,5.8038e-08,2.9941e-10,1.0661e-07
<ATMOSPHERE-LAYER-2>6.5513e+02,6.1765e+02,8.3684e-01,1.6167e-01,6.7611e-04,4.8847e-04,1.3440e-04,3.0067e-05,5.8038e-08,5.0946e-11,1.0661e-07
<ATMOSPHERE-LAYER-3>4.2919e+02,5.4362e+02,8.3684e-01,1.6167e-01,6.7714e-04,4.8847e-04,1.3444e-04,3.0067e-05,5.8038e-08,5.8850e-12,1.0661e-07
<ATMOSPHERE-LAYER-4>2.8118e+02,4.7802e+02,8.3684e-01,1.6167e-01,6.7818e-04,4.8847e-04,1.3445e-04,3.0067e-05,5.8038e-08,5.0932e-13,5.4458e-08
<ATMOSPHERE-LAYER-5>1.8421e+02,4.2000e+02,8.3684e-01,1.6167e-01,6.7922e-04,4.8848e-04,1.3444e-04,3.0067e-05,5.8039e-08,2.9572e-14,1.8177e-08
<ATMOSPHERE-LAYER-6>1.2068e+02,3.6875e+02,8.3684e-01,1.6167e-01,6.8025e-04,4.8848e-04,1.3446e-04,3.0067e-05,5.8039e-08,8.0372e-16,1.1139e-24
<ATMOSPHERE-LAYER-7>7.9060e+01,3.2354e+02,8.3684e-01,1.6167e-01,6.8071e-04,4.8848e-04,1.3446e-04,3.0067e-05,5.8039e-08,1.8862e-17,1.2797e-44
<ATMOSPHERE-LAYER-8>5.1795e+01,2.8372e+02,8.3684e-01,1.6167e-01,6.8047e-04,4.8847e-04,1.3445e-04,3.0067e-05,5.8033e-08,1.9188e-19,2.4292e-49
<ATMOSPHERE-LAYER-9>3.3932e+01,2.4868e+02,8.3684e-01,1.6167e-01,6.7996e-04,4.8848e-04,1.3445e-04,3.0067e-05,5.8025e-08,6.4434e-22,7.5122e-50
<ATMOSPHERE-LAYER-10>2.2230e+01,2.1787e+02,8.3684e-01,1.6168e-01,6.7952e-04,4.8850e-04,1.3445e-04,3.0067e-05,5.8024e-08,4.7692e-24,0.0000e+00
<ATMOSPHERE-LAYER-11>1.4563e+01,1.9081e+02,8.3684e-01,1.6168e-01,6.7926e-04,4.8851e-04,1.3445e-04,3.0067e-05,1.2055e-08,8.0215e-27,0.0000e+00
<ATMOSPHERE-LAYER-12>9.5410e+00,1.6705e+02,8.3684e-01,1.6167e-01,6.7926e-04,4.8851e-04,1.3445e-04,3.0067e-05,2.3335e-10,7.9013e-31,0.0000e+00
<ATMOSPHERE-LAYER-13>6.2506e+00,1.4824e+02,8.3684e-01,1.6167e-01,6.7925e-04,4.8849e-04,1.3445e-04,3.0067e-05,1.2027e-11,6.3576e-34,0.0000e+00
<ATMOSPHERE-LAYER-14>4.0949e+00,1.3634e+02,8.3684e-01,1.6167e-01,6.7923e-04,4.8846e-04,1.3445e-04,3.0067e-05,2.1405e-12,9.5394e-36,0.0000e+00
<ATMOSPHERE-LAYER-15>2.6827e+00,1.2968e+02,8.3684e-01,1.6167e-01,6.7922e-04,4.8844e-04,1.3445e-04,3.0067e-05,9.4278e-13,1.3212e-36,0.0000e+00
<ATMOSPHERE-LAYER-16>1.7575e+00,1.2634e+02,8.3684e-01,1.6167e-01,6.7921e-04,4.8841e-04,1.3445e-04,3.0067e-05,7.2337e-13,7.4573e-37,0.0000e+00
<ATMOSPHERE-LAYER-17>1.1514e+00,1.2477e+02,8.3684e-01,1.6167e-01,6.7920e-04,4.8839e-04,1.3445e-04,3.0068e-05,7.4144e-13,8.9363e-37,0.0000e+00
<ATMOSPHERE-LAYER-18>7.5431e-01,1.2406e+02,8.3684e-01,1.6167e-01,6.7920e-04,4.8838e-04,1.3445e-04,3.0068e-05,8.7126e-13,1.5412e-36,0.0000e+00
<ATMOSPHERE-LAYER-19>4.9417e-01,1.2374e+02,8.3684e-01,1.6167e-01,6.7922e-04,4.8839e-04,1.3445e-04,3.0068e-05,1.0885e-12,3.1411e-36,0.0000e+00
<ATMOSPHERE-LAYER-20>3.2375e-01,1.2360e+02,8.3684e-01,1.6167e-01,6.7923e-04,4.8840e-04,1.3445e-04,3.0068e-05,1.3967e-12,6.8986e-36,0.0000e+00
<ATMOSPHERE-LAYER-21>2.1210e-01,1.2354e+02,8.3684e-01,1.6168e-01,6.7925e-04,4.8840e-04,1.3445e-04,3.0069e-05,1.8131e-12,1.5661e-35,0.0000e+00
<ATMOSPHERE-LAYER-22>1.3895e-01,1.2352e+02,8.3684e-01,1.6168e-01,6.7927e-04,4.8841e-04,1.3445e-04,3.0069e-05,2.3654e-12,3.6076e-35,0.0000e+00
<ATMOSPHERE-LAYER-23>9.1030e-02,1.2350e+02,8.3683e-01,1.6168e-01,6.7924e-04,4.8842e-04,1.3445e-04,3.0069e-05,3.0925e-12,8.3634e-35,0.0000e+00
<ATMOSPHERE-LAYER-24>5.9636e-02,1.2350e+02,8.3684e-01,1.6168e-01,6.7906e-04,4.8843e-04,1.3445e-04,3.0069e-05,4.0468e-12,1.9443e-34,0.0000e+00
<ATMOSPHERE-LAYER-25>3.9069e-02,1.2350e+02,8.3684e-01,1.6168e-01,6.7888e-04,4.8843e-04,1.3445e-04,3.0069e-05,5.2975e-12,4.5255e-34,0.0000e+00
<ATMOSPHERE-LAYER-26>2.5595e-02,1.2350e+02,8.3684e-01,1.6167e-01,6.7870e-04,4.8844e-04,1.3445e-04,3.0068e-05,6.9360e-12,1.0539e-33,0.0000e+00
<ATMOSPHERE-LAYER-27>1.6768e-02,1.2350e+02,8.3684e-01,1.6167e-01,6.7852e-04,4.8845e-04,1.3445e-04,3.0068e-05,9.0820e-12,2.4551e-33,0.0000e+00
<ATMOSPHERE-LAYER-28>1.0985e-02,1.2349e+02,8.3684e-01,1.6167e-01,6.7835e-04,4.8845e-04,1.3445e-04,3.0068e-05,1.1892e-11,5.7196e-33,0.0000e+00
<ATMOSPHERE-LAYER-29>7.1969e-03,1.2349e+02,8.3684e-01,1.6167e-01,6.7833e-04,4.8846e-04,1.3445e-04,3.0068e-05,1.5572e-11,1.3326e-32,0.0000e+00
<ATMOSPHERE-LAYER-30>4.7149e-03,1.2349e+02,8.3684e-01,1.6167e-01,6.7835e-04,4.8847e-04,1.3445e-04,3.0068e-05,2.0392e-11,3.1049e-32,0.0000e+00
<ATMOSPHERE-LAYER-31>3.0888e-03,1.2349e+02,8.3684e-01,1.6167e-01,6.7838e-04,4.8848e-04,1.3445e-04,3.0067e-05,2.6703e-11,7.2342e-32,0.0000e+00
<ATMOSPHERE-LAYER-32>2.0236e-03,1.2349e+02,8.3684e-01,1.6168e-01,6.7841e-04,4.8848e-04,1.3445e-04,3.0067e-05,3.4967e-11,1.6856e-31,0.0000e+00
<ATMOSPHERE-LAYER-33>1.3257e-03,1.2349e+02,8.3684e-01,1.6168e-01,6.7843e-04,4.8849e-04,1.3445e-04,3.0067e-05,4.5788e-11,3.9273e-31,0.0000e+00
<ATMOSPHERE-LAYER-34>8.6851e-04,1.2349e+02,8.3684e-01,1.6168e-01,6.7844e-04,4.8849e-04,1.3445e-04,3.0067e-05,5.9959e-11,9.1504e-31,0.0000e+00
<ATMOSPHERE-LAYER-35>5.6899e-04,1.2349e+02,8.3684e-01,1.6167e-01,6.7843e-04,4.8848e-04,1.3445e-04,3.0066e-05,7.8513e-11,2.1320e-30,0.0000e+00
<ATMOSPHERE-LAYER-36>3.7276e-04,1.2349e+02,8.3684e-01,1.6167e-01,6.7841e-04,4.8847e-04,1.3445e-04,3.0066e-05,1.0281e-10,4.9673e-30,0.0000e+00
<ATMOSPHERE-LAYER-37>2.4421e-04,1.2349e+02,8.3684e-01,1.6167e-01,6.7839e-04,4.8846e-04,1.3445e-04,3.0065e-05,1.3463e-10,1.1573e-29,0.0000e+00
<ATMOSPHERE-LAYER-38>1.5999e-04,1.2349e+02,8.3685e-01,1.6167e-01,6.7837e-04,4.8845e-04,1.3445e-04,3.0065e-05,1.7629e-10,2.6965e-29,0.0000e+00
<ATMOSPHERE-LAYER-39>1.0481e-04,1.2349e+02,8.3685e-01,1.6167e-01,6.7835e-04,4.8844e-04,1.3445e-04,3.0064e-05,2.3084e-10,6.2827e-29,0.0000e+00
<ATMOSPHERE-LAYER-40>6.8665e-05,1.2349e+02,8.3684e-01,1.6167e-01,6.8938e-04,4.8844e-04,1.3445e-04,3.0065e-05,3.0225e-10,1.4639e-28,1.0737e-50
<ATMOSPHERE-LAYER-41>4.4984e-05,1.2349e+02,8.3682e-01,1.6167e-01,7.0200e-04,4.8844e-04,1.3445e-04,3.0065e-05,3.9576e-10,3.4111e-28,1.3097e-50
<ATMOSPHERE-LAYER-42>2.9471e-05,1.2349e+02,8.3681e-01,1.6167e-01,7.1486e-04,4.8843e-04,1.3445e-04,3.0065e-05,5.1819e-10,7.9482e-28,1.5977e-50
<ATMOSPHERE-LAYER-43>1.9307e-05,1.2349e+02,8.3679e-01,1.6167e-01,7.2794e-04,4.8843e-04,1.3445e-04,3.0066e-05,6.7850e-10,1.8520e-27,1.9489e-50
<ATMOSPHERE-LAYER-44>1.2649e-05,1.2349e+02,8.3678e-01,1.6167e-01,7.4127e-04,4.8843e-04,1.3445e-04,3.0066e-05,8.8840e-10,4.3154e-27,2.3774e-50
<ATMOSPHERE-LAYER-45>8.2864e-06,1.2349e+02,8.3678e-01,1.6167e-01,7.4271e-04,4.8843e-04,1.3445e-04,3.0118e-05,1.1629e-09,1.0055e-26,2.9001e-50
<ATMOSPHERE-LAYER-46>5.4287e-06,1.2349e+02,8.3679e-01,1.6167e-01,7.2923e-04,4.8843e-04,1.3445e-04,3.0233e-05,1.5217e-09,2.3426e-26,3.5376e-50
<ATMOSPHERE-LAYER-47>3.5565e-06,1.2349e+02,8.3680e-01,1.6167e-01,7.1600e-04,4.8844e-04,1.3445e-04,3.0349e-05,1.9912e-09,5.4579e-26,4.3154e-50
<ATMOSPHERE-LAYER-48>2.3300e-06,1.2349e+02,8.3682e-01,1.6167e-01,7.0300e-04,4.8844e-04,1.3445e-04,3.0466e-05,2.6056e-09,1.2716e-25,5.2641e-50
<ATMOSPHERE-LAYER-49>1.5264e-06,1.2349e+02,8.3683e-01,1.6167e-01,6.9024e-04,4.8845e-04,1.3445e-04,3.0583e-05,3.4096e-09,2.9625e-25,6.4214e-50
<ATMOSPHERE-LAYER-50>1.0000e-06,1.2349e+02,8.3684e-01,1.6167e-01,6.7772e-04,4.8845e-04,1.3445e-04,3.0700e-05,4.4616e-09,6.9022e-25,7.8332e-50
<SURFACE-MODEL>Lambert
<SURFACE-PHASEMODEL>ISO
<SURFACE-ALBEDO>0.264
<SURFACE-EMISSIVITY>0.736
<SURFACE-TEMPERATURE>124.1

<GENERATOR-RANGE1>0.4
<GENERATOR-RANGE2>20
<GENERATOR-RANGEUNIT>um
<GENERATOR-RESOLUTION>200
<GENERATOR-RESOLUTIONUNIT>RP

<GENERATOR-TELESCOPE>SINGLE
<GENERATOR-DIAMTELE>5.64
<GENERATOR-BEAM>1.0
<GENERATOR-BEAM-UNIT>diffrac

<GENERATOR-GAS-MODEL>Y
<GENERATOR-CONT-MODEL>Y
<GENERATOR-CONT-STELLAR>N
<GENERATOR-TRANS-APPLY>N
<GENERATOR-TRANS-SHOW>N
<GENERATOR-RADUNITS>ppm
<GENERATOR-RESOLUTIONKERNEL>Y

<!-- If you want noise (optional): -->
<NOISE-MODEL>Y
<NOISE-SNR>50
